100 2500 0.5050505050505051 50 50
0 1
0 2
0 3
0 4
0 5
0 9
0 12
0 16
0 19
0 22
0 23
0 29
0 38
0 39
0 40
0 42
0 47
0 48
0 50
0 52
0 53
0 55
0 58
0 59
0 60
0 61
0 63
0 64
0 65
0 66
0 67
0 68
0 70
0 71
0 72
0 76
0 78
0 81
0 82
0 83
0 85
0 86
0 87
0 90
0 92
0 93
0 94
0 95
0 97
0 98
1 2
1 3
1 4
1 6
1 8
1 10
1 11
1 13
1 15
1 17
1 18
1 19
1 21
1 22
1 23
1 24
1 25
1 27
1 29
1 31
1 32
1 33
1 35
1 39
1 40
1 46
1 47
1 49
1 50
1 52
1 56
1 62
1 63
1 64
1 67
1 68
1 69
1 72
1 75
1 76
1 78
1 80
1 85
1 86
1 87
1 89
1 92
1 95
1 99
2 3
2 5
2 6
2 8
2 9
2 10
2 12
2 15
2 16
2 17
2 18
2 20
2 25
2 26
2 28
2 29
2 31
2 32
2 33
2 35
2 38
2 39
2 40
2 41
2 46
2 48
2 49
2 51
2 52
2 56
2 58
2 59
2 61
2 63
2 65
2 67
2 70
2 74
2 76
2 78
2 79
2 81
2 82
2 83
2 87
2 91
2 95
2 96
3 8
3 9
3 12
3 13
3 14
3 15
3 16
3 18
3 20
3 22
3 24
3 27
3 28
3 29
3 30
3 32
3 34
3 39
3 42
3 43
3 45
3 47
3 49
3 50
3 51
3 53
3 56
3 58
3 59
3 62
3 63
3 65
3 66
3 67
3 68
3 72
3 73
3 79
3 81
3 83
3 84
3 85
3 87
3 88
3 91
3 93
3 94
4 6
4 7
4 8
4 11
4 13
4 14
4 18
4 20
4 23
4 25
4 26
4 27
4 29
4 32
4 33
4 36
4 38
4 40
4 41
4 42
4 43
4 45
4 48
4 49
4 51
4 52
4 55
4 57
4 58
4 61
4 63
4 64
4 65
4 66
4 69
4 71
4 73
4 77
4 80
4 81
4 86
4 89
4 91
4 92
4 94
4 97
4 98
4 99
5 6
5 8
5 16
5 17
5 18
5 20
5 21
5 22
5 25
5 28
5 30
5 34
5 35
5 38
5 41
5 43
5 46
5 48
5 49
5 50
5 51
5 52
5 53
5 54
5 55
5 56
5 57
5 58
5 59
5 60
5 61
5 64
5 66
5 67
5 72
5 73
5 76
5 78
5 81
5 85
5 87
5 88
5 89
5 90
5 91
5 92
5 95
5 98
6 7
6 8
6 9
6 10
6 12
6 13
6 17
6 19
6 20
6 22
6 23
6 26
6 27
6 28
6 29
6 32
6 33
6 34
6 35
6 37
6 42
6 43
6 45
6 47
6 48
6 50
6 54
6 55
6 56
6 57
6 58
6 59
6 60
6 61
6 64
6 65
6 72
6 73
6 81
6 84
6 86
6 87
6 90
6 93
6 96
6 98
7 11
7 19
7 22
7 24
7 25
7 27
7 28
7 29
7 31
7 32
7 33
7 35
7 36
7 37
7 41
7 42
7 43
7 46
7 50
7 51
7 54
7 56
7 57
7 60
7 61
7 62
7 64
7 67
7 70
7 71
7 72
7 75
7 77
7 78
7 79
7 82
7 83
7 84
7 86
7 87
7 88
7 89
7 93
7 95
7 96
7 97
7 98
7 99
8 11
8 15
8 16
8 19
8 21
8 22
8 24
8 28
8 30
8 31
8 32
8 37
8 38
8 39
8 42
8 45
8 51
8 53
8 55
8 56
8 58
8 60
8 62
8 63
8 67
8 70
8 71
8 73
8 74
8 75
8 78
8 79
8 80
8 81
8 83
8 85
8 87
8 88
8 90
8 92
8 94
8 95
8 98
8 99
9 10
9 12
9 15
9 17
9 18
9 21
9 22
9 24
9 29
9 30
9 31
9 33
9 35
9 40
9 41
9 43
9 44
9 45
9 46
9 50
9 53
9 58
9 60
9 61
9 62
9 64
9 65
9 66
9 67
9 70
9 72
9 74
9 75
9 78
9 81
9 82
9 83
9 85
9 87
9 91
9 92
9 93
9 95
9 97
9 98
9 99
10 11
10 14
10 15
10 17
10 19
10 20
10 21
10 22
10 25
10 28
10 29
10 32
10 36
10 37
10 39
10 40
10 42
10 44
10 49
10 51
10 53
10 55
10 61
10 62
10 63
10 64
10 65
10 67
10 68
10 70
10 71
10 72
10 73
10 74
10 75
10 76
10 79
10 80
10 81
10 83
10 84
10 91
10 92
10 94
10 95
10 96
11 15
11 18
11 21
11 22
11 23
11 32
11 33
11 36
11 37
11 38
11 39
11 43
11 45
11 47
11 48
11 49
11 50
11 51
11 52
11 56
11 59
11 62
11 64
11 65
11 67
11 68
11 69
11 71
11 72
11 73
11 74
11 76
11 77
11 81
11 84
11 85
11 87
11 90
11 91
11 92
11 93
11 94
11 96
11 97
11 98
12 16
12 17
12 19
12 23
12 28
12 30
12 33
12 37
12 41
12 44
12 46
12 48
12 49
12 50
12 51
12 52
12 55
12 56
12 58
12 59
12 60
12 62
12 63
12 69
12 70
12 71
12 73
12 74
12 75
12 76
12 78
12 79
12 80
12 84
12 85
12 86
12 87
12 88
12 89
12 91
12 93
12 95
12 96
12 98
12 99
13 14
13 15
13 16
13 17
13 19
13 20
13 21
13 23
13 24
13 27
13 32
13 33
13 34
13 35
13 36
13 37
13 40
13 41
13 44
13 47
13 49
13 52
13 53
13 54
13 55
13 57
13 60
13 62
13 63
13 64
13 66
13 67
13 68
13 69
13 74
13 76
13 77
13 84
13 85
13 87
13 88
13 89
13 91
13 92
13 93
13 97
14 21
14 24
14 25
14 26
14 27
14 28
14 29
14 30
14 31
14 34
14 40
14 43
14 45
14 46
14 47
14 48
14 51
14 52
14 54
14 55
14 57
14 58
14 59
14 60
14 63
14 68
14 70
14 71
14 73
14 74
14 80
14 81
14 82
14 83
14 84
14 86
14 88
14 89
14 90
14 91
14 92
14 93
14 94
14 96
14 97
14 99
15 18
15 19
15 20
15 21
15 22
15 26
15 27
15 28
15 30
15 32
15 34
15 35
15 40
15 46
15 47
15 48
15 49
15 52
15 53
15 54
15 56
15 57
15 59
15 60
15 61
15 62
15 64
15 68
15 71
15 72
15 73
15 74
15 75
15 78
15 79
15 81
15 83
15 88
15 90
15 91
15 92
15 99
16 18
16 21
16 22
16 23
16 25
16 26
16 27
16 29
16 30
16 32
16 33
16 35
16 36
16 40
16 47
16 49
16 51
16 52
16 53
16 54
16 57
16 58
16 59
16 60
16 62
16 66
16 69
16 71
16 72
16 73
16 75
16 78
16 80
16 81
16 83
16 85
16 86
16 90
16 93
16 94
16 96
16 98
16 99
17 19
17 22
17 23
17 26
17 27
17 29
17 32
17 33
17 34
17 36
17 39
17 40
17 41
17 42
17 44
17 46
17 47
17 48
17 50
17 52
17 54
17 55
17 56
17 60
17 61
17 62
17 63
17 67
17 68
17 71
17 75
17 77
17 82
17 83
17 89
17 90
17 92
17 93
17 95
17 97
17 98
17 99
18 20
18 21
18 30
18 32
18 34
18 35
18 36
18 39
18 41
18 42
18 44
18 46
18 47
18 48
18 49
18 53
18 54
18 56
18 63
18 64
18 65
18 66
18 67
18 68
18 69
18 70
18 71
18 72
18 74
18 79
18 80
18 81
18 82
18 87
18 88
18 89
18 91
18 94
18 95
18 96
18 97
19 20
19 22
19 23
19 24
19 30
19 31
19 35
19 39
19 40
19 41
19 42
19 43
19 46
19 47
19 51
19 52
19 55
19 56
19 57
19 61
19 62
19 64
19 66
19 68
19 69
19 70
19 74
19 75
19 76
19 77
19 78
19 79
19 80
19 86
19 87
19 88
19 89
19 90
19 91
19 92
20 24
20 25
20 29
20 30
20 32
20 33
20 36
20 37
20 39
20 40
20 42
20 43
20 44
20 45
20 47
20 49
20 50
20 51
20 53
20 54
20 56
20 57
20 59
20 60
20 62
20 63
20 64
20 66
20 74
20 77
20 79
20 80
20 83
20 86
20 88
20 89
20 91
20 94
20 95
20 97
21 22
21 23
21 25
21 27
21 31
21 32
21 33
21 36
21 38
21 39
21 42
21 44
21 46
21 48
21 53
21 55
21 56
21 61
21 62
21 63
21 68
21 69
21 71
21 72
21 73
21 74
21 75
21 76
21 79
21 80
21 82
21 83
21 84
21 90
21 91
21 94
21 95
21 96
21 99
22 23
22 24
22 25
22 27
22 33
22 34
22 37
22 38
22 41
22 46
22 47
22 50
22 53
22 54
22 57
22 58
22 61
22 62
22 65
22 68
22 69
22 72
22 73
22 74
22 78
22 79
22 81
22 82
22 83
22 85
22 86
22 89
22 91
22 92
22 98
23 24
23 25
23 27
23 28
23 29
23 30
23 32
23 34
23 36
23 37
23 39
23 44
23 45
23 46
23 47
23 53
23 56
23 57
23 59
23 62
23 63
23 64
23 67
23 68
23 69
23 70
23 73
23 74
23 76
23 77
23 78
23 80
23 88
23 92
23 94
23 95
23 97
23 99
24 25
24 26
24 27
24 29
24 30
24 33
24 34
24 36
24 39
24 41
24 43
24 45
24 47
24 48
24 49
24 50
24 54
24 56
24 58
24 60
24 61
24 62
24 64
24 66
24 68
24 69
24 71
24 72
24 73
24 74
24 77
24 79
24 81
24 83
24 84
24 87
24 91
24 94
24 98
25 29
25 33
25 35
25 37
25 38
25 40
25 44
25 45
25 46
25 49
25 51
25 54
25 57
25 59
25 60
25 61
25 64
25 66
25 70
25 71
25 72
25 73
25 75
25 76
25 77
25 78
25 79
25 80
25 82
25 83
25 84
25 86
25 87
25 88
25 92
25 93
25 99
26 28
26 29
26 30
26 31
26 32
26 34
26 36
26 38
26 39
26 42
26 43
26 44
26 45
26 48
26 50
26 51
26 52
26 53
26 54
26 55
26 57
26 58
26 60
26 61
26 62
26 63
26 67
26 70
26 71
26 72
26 73
26 74
26 75
26 76
26 77
26 80
26 82
26 83
26 84
26 85
26 87
26 96
27 29
27 30
27 33
27 34
27 35
27 37
27 38
27 40
27 42
27 43
27 44
27 45
27 48
27 51
27 56
27 60
27 61
27 62
27 65
27 67
27 70
27 71
27 72
27 73
27 74
27 75
27 79
27 82
27 83
27 85
27 86
27 90
27 91
27 93
27 94
27 95
28 30
28 32
28 33
28 34
28 36
28 38
28 39
28 40
28 42
28 43
28 48
28 50
28 53
28 54
28 55
28 57
28 58
28 59
28 62
28 64
28 66
28 68
28 69
28 70
28 71
28 74
28 76
28 82
28 84
28 85
28 86
28 89
28 91
28 93
28 94
28 95
28 96
28 99
29 30
29 31
29 33
29 34
29 37
29 47
29 49
29 50
29 52
29 59
29 65
29 69
29 70
29 71
29 72
29 73
29 76
29 77
29 78
29 79
29 80
29 82
29 85
29 86
29 88
29 89
29 90
29 91
29 92
29 93
29 95
29 99
30 33
30 34
30 35
30 36
30 40
30 41
30 45
30 48
30 49
30 50
30 51
30 53
30 59
30 61
30 62
30 63
30 66
30 67
30 69
30 71
30 75
30 76
30 77
30 81
30 82
30 83
30 87
30 91
30 94
30 95
30 96
30 98
30 99
31 32
31 33
31 34
31 35
31 36
31 37
31 38
31 39
31 40
31 41
31 43
31 46
31 54
31 55
31 56
31 57
31 58
31 59
31 60
31 65
31 67
31 68
31 69
31 70
31 73
31 77
31 79
31 80
31 81
31 82
31 83
31 85
31 88
31 90
31 92
31 94
31 95
31 97
31 98
31 99
32 34
32 36
32 38
32 39
32 40
32 41
32 42
32 43
32 49
32 51
32 53
32 54
32 57
32 65
32 66
32 67
32 69
32 71
32 74
32 76
32 78
32 83
32 84
32 86
32 87
32 89
32 92
32 93
32 96
32 99
33 34
33 35
33 41
33 42
33 46
33 49
33 50
33 52
33 53
33 56
33 57
33 58
33 59
33 60
33 62
33 63
33 64
33 68
33 74
33 77
33 79
33 82
33 88
33 89
33 94
33 95
33 96
33 97
33 98
34 35
34 36
34 39
34 42
34 44
34 45
34 47
34 49
34 50
34 51
34 52
34 54
34 55
34 57
34 59
34 61
34 62
34 64
34 73
34 74
34 75
34 78
34 86
34 88
34 89
34 90
34 91
34 92
34 93
34 94
34 96
35 38
35 39
35 40
35 41
35 44
35 46
35 47
35 48
35 49
35 51
35 55
35 61
35 62
35 67
35 68
35 70
35 71
35 75
35 76
35 78
35 80
35 83
35 84
35 85
35 86
35 88
35 89
35 90
35 91
35 93
35 94
35 97
35 99
36 37
36 38
36 42
36 46
36 49
36 51
36 52
36 53
36 54
36 55
36 56
36 58
36 59
36 60
36 62
36 64
36 66
36 67
36 69
36 70
36 71
36 74
36 78
36 79
36 82
36 84
36 85
36 92
36 93
36 95
36 97
36 99
37 38
37 39
37 40
37 43
37 45
37 47
37 48
37 50
37 51
37 53
37 55
37 56
37 57
37 59
37 60
37 62
37 63
37 64
37 65
37 66
37 68
37 69
37 70
37 76
37 77
37 79
37 81
37 82
37 84
37 85
37 87
37 89
37 91
37 98
37 99
38 39
38 43
38 44
38 45
38 46
38 50
38 53
38 54
38 57
38 58
38 59
38 60
38 62
38 63
38 65
38 67
38 68
38 69
38 73
38 75
38 76
38 78
38 79
38 80
38 84
38 85
38 86
38 88
38 89
38 90
38 91
38 95
38 99
39 41
39 42
39 43
39 46
39 48
39 52
39 53
39 54
39 55
39 57
39 61
39 63
39 65
39 66
39 70
39 73
39 78
39 80
39 81
39 82
39 83
39 84
39 87
39 88
39 89
39 92
39 94
39 95
40 41
40 46
40 48
40 50
40 51
40 54
40 55
40 58
40 61
40 65
40 66
40 67
40 69
40 70
40 71
40 73
40 75
40 77
40 78
40 82
40 83
40 84
40 87
40 88
40 90
40 91
40 94
40 96
40 98
41 42
41 43
41 44
41 45
41 46
41 47
41 53
41 54
41 56
41 58
41 59
41 60
41 62
41 64
41 65
41 68
41 69
41 71
41 73
41 75
41 76
41 80
41 81
41 82
41 84
41 87
41 88
41 90
41 93
41 96
41 97
42 44
42 47
42 48
42 51
42 52
42 53
42 58
42 60
42 61
42 63
42 64
42 65
42 66
42 72
42 75
42 77
42 80
42 81
42 85
42 86
42 88
42 89
42 90
42 92
42 93
42 94
42 95
42 96
42 97
43 44
43 45
43 46
43 47
43 49
43 50
43 54
43 56
43 58
43 59
43 63
43 67
43 68
43 69
43 70
43 72
43 73
43 74
43 77
43 80
43 83
43 84
43 86
43 87
43 91
43 94
43 95
43 96
43 97
43 98
44 46
44 47
44 48
44 49
44 50
44 52
44 53
44 54
44 56
44 60
44 61
44 62
44 65
44 67
44 68
44 69
44 70
44 71
44 72
44 73
44 75
44 78
44 79
44 81
44 84
44 86
44 87
44 89
44 96
44 97
44 98
44 99
45 48
45 49
45 50
45 51
45 52
45 53
45 54
45 55
45 58
45 59
45 60
45 61
45 62
45 65
45 66
45 68
45 70
45 72
45 73
45 75
45 76
45 79
45 81
45 82
45 84
45 86
45 89
45 90
45 92
45 94
45 97
46 47
46 48
46 54
46 59
46 61
46 62
46 63
46 65
46 66
46 67
46 69
46 73
46 75
46 76
46 78
46 81
46 82
46 86
46 90
46 91
46 92
46 94
46 96
46 97
46 98
47 49
47 51
47 55
47 58
47 59
47 61
47 63
47 68
47 69
47 70
47 72
47 75
47 76
47 78
47 80
47 82
47 84
47 86
47 88
47 89
47 91
47 93
47 94
47 96
47 98
48 49
48 50
48 51
48 52
48 53
48 58
48 59
48 62
48 63
48 64
48 65
48 68
48 74
48 79
48 80
48 83
48 84
48 85
48 86
48 88
48 90
48 92
48 95
48 96
48 98
49 51
49 52
49 53
49 55
49 56
49 60
49 62
49 63
49 64
49 65
49 66
49 71
49 75
49 76
49 77
49 78
49 82
49 83
49 84
49 92
49 95
49 97
49 99
50 52
50 55
50 56
50 58
50 61
50 62
50 63
50 64
50 65
50 67
50 72
50 73
50 74
50 75
50 81
50 82
50 87
50 88
50 90
50 91
50 92
50 97
50 98
50 99
51 52
51 54
51 55
51 59
51 61
51 62
51 66
51 67
51 69
51 70
51 72
51 74
51 75
51 76
51 77
51 82
51 84
51 85
51 92
51 93
51 94
51 97
52 53
52 54
52 55
52 69
52 70
52 72
52 73
52 77
52 79
52 80
52 81
52 83
52 84
52 85
52 86
52 87
52 88
52 89
52 90
52 91
52 93
52 95
52 98
52 99
53 55
53 56
53 57
53 60
53 70
53 71
53 73
53 75
53 76
53 78
53 79
53 81
53 85
53 87
53 88
53 89
53 90
53 93
53 97
53 99
54 55
54 56
54 57
54 60
54 61
54 62
54 63
54 66
54 67
54 68
54 73
54 74
54 77
54 78
54 79
54 81
54 84
54 88
54 92
54 94
54 98
55 60
55 61
55 63
55 64
55 67
55 69
55 73
55 74
55 75
55 76
55 77
55 78
55 80
55 81
55 84
55 85
55 88
55 89
55 90
55 93
55 96
56 57
56 58
56 61
56 66
56 68
56 70
56 71
56 75
56 76
56 79
56 80
56 81
56 83
56 84
56 85
56 90
56 91
56 93
56 96
56 98
56 99
57 58
57 59
57 60
57 64
57 65
57 66
57 68
57 72
57 73
57 74
57 75
57 76
57 77
57 79
57 81
57 82
57 83
57 86
57 88
57 91
57 92
57 93
57 94
57 98
57 99
58 60
58 63
58 64
58 65
58 66
58 67
58 70
58 71
58 72
58 79
58 81
58 82
58 83
58 87
58 88
58 90
58 91
58 93
58 94
58 97
58 99
59 63
59 64
59 68
59 70
59 73
59 74
59 78
59 80
59 82
59 86
59 87
59 88
59 89
59 93
59 94
59 95
59 96
59 97
59 98
59 99
60 61
60 64
60 65
60 66
60 67
60 68
60 71
60 74
60 79
60 80
60 83
60 84
60 85
60 86
60 94
60 95
60 96
60 99
61 63
61 65
61 66
61 67
61 68
61 75
61 78
61 79
61 80
61 82
61 84
61 86
61 87
61 89
61 90
61 92
61 99
62 65
62 71
62 72
62 77
62 82
62 83
62 84
62 87
62 88
62 91
62 95
62 97
62 98
63 67
63 68
63 69
63 70
63 71
63 73
63 74
63 75
63 77
63 78
63 79
63 82
63 85
63 89
63 91
63 93
63 96
64 66
64 69
64 71
64 72
64 75
64 76
64 77
64 79
64 80
64 86
64 88
64 90
64 91
64 93
64 94
64 96
64 97
64 99
65 66
65 69
65 71
65 72
65 75
65 76
65 77
65 78
65 82
65 83
65 85
65 87
65 89
65 93
65 94
65 96
65 97
65 98
65 99
66 68
66 69
66 70
66 71
66 75
66 76
66 77
66 83
66 85
66 86
66 87
66 89
66 91
66 93
66 96
66 97
66 98
66 99
67 70
67 72
67 75
67 76
67 77
67 78
67 84
67 85
67 86
67 87
67 88
67 92
67 96
67 97
67 98
67 99
68 69
68 71
68 72
68 74
68 77
68 79
68 85
68 86
68 90
68 92
68 93
68 95
68 96
68 97
68 98
69 73
69 75
69 77
69 79
69 80
69 82
69 84
69 85
69 88
69 89
69 90
69 92
69 94
69 97
69 98
69 99
70 71
70 74
70 77
70 79
70 80
70 83
70 85
70 88
70 90
70 92
70 93
70 95
70 96
70 97
70 99
71 72
71 73
71 74
71 77
71 78
71 83
71 84
71 85
71 86
71 94
71 95
71 97
72 73
72 74
72 75
72 76
72 79
72 82
72 83
72 84
72 86
72 91
72 92
72 93
72 94
72 96
72 99
73 76
73 78
73 81
73 83
73 85
73 86
73 89
73 90
73 97
73 99
74 75
74 77
74 79
74 80
74 81
74 89
74 90
74 91
74 94
74 95
74 96
74 97
74 98
75 77
75 78
75 80
75 86
75 87
75 88
75 89
75 95
75 98
76 77
76 78
76 81
76 83
76 86
76 87
76 89
76 90
76 92
76 93
76 94
76 95
76 97
76 99
77 78
77 83
77 84
77 85
77 86
77 87
77 90
77 93
77 94
77 95
77 96
77 98
78 80
78 82
78 84
78 86
78 87
78 88
78 92
78 93
78 97
78 98
78 99
79 80
79 81
79 82
79 83
79 85
79 87
79 88
79 93
79 94
79 96
79 99
80 81
80 83
80 84
80 87
80 88
80 89
80 90
80 91
80 92
80 94
80 95
80 97
80 98
81 82
81 85
81 86
81 87
81 89
81 90
81 92
81 93
81 94
81 95
81 96
81 99
82 84
82 85
82 87
82 88
82 89
82 91
82 92
82 93
82 97
82 98
83 85
83 89
83 90
83 92
83 93
83 95
83 98
84 85
84 87
84 89
84 91
84 95
84 96
84 99
85 88
85 92
85 94
85 96
85 97
85 98
85 99
86 89
86 91
86 92
86 94
86 95
86 96
86 97
87 90
87 91
87 93
87 96
87 97
87 98
88 89
88 90
88 93
88 94
88 96
88 98
89 93
89 94
89 95
89 98
89 99
90 91
90 92
90 94
90 95
90 96
90 97
90 98
91 93
91 96
91 97
91 98
92 93
92 95
92 97
92 98
93 96
94 96
95 96
95 97
95 98
95 99
97 99
