100 100 0.020202020202020204 2 2
0 34
0 71
1 14
1 50
2 65
2 80
3 74
3 86
4 37
4 83
5 46
5 58
6 11
6 46
7 53
7 93
8 9
8 38
9 49
10 23
10 38
11 89
12 15
12 48
13 19
13 75
14 51
15 64
16 24
16 27
17 62
17 70
18 31
18 41
19 76
20 28
20 30
21 28
21 99
22 78
22 99
23 74
24 92
25 37
25 60
26 66
26 97
27 44
29 51
29 64
30 69
31 88
32 62
32 65
33 79
33 88
34 92
35 59
35 85
36 54
36 73
39 54
39 95
40 57
40 59
41 94
42 67
42 96
43 72
43 80
44 85
45 55
45 71
47 76
47 82
48 90
49 66
50 83
52 63
52 87
53 60
55 84
56 87
56 98
57 82
58 78
61 63
61 81
67 73
68 75
68 86
69 91
70 95
72 91
77 89
77 93
79 97
81 96
84 98
90 94
