100 150 0.030303030303030304 3 3
0 13
0 16
0 19
1 54
1 79
1 82
2 20
2 34
2 54
3 40
3 78
3 94
4 30
4 58
4 89
5 34
5 39
5 50
6 41
6 93
6 97
7 52
7 64
7 76
8 25
8 27
8 32
9 46
9 53
9 88
10 33
10 35
10 69
11 22
11 32
11 47
12 32
12 92
12 93
13 77
13 83
14 57
14 61
14 78
15 73
15 82
15 98
16 17
16 27
17 27
17 72
18 31
18 36
18 71
19 81
19 90
20 37
20 50
21 22
21 26
21 29
22 70
23 38
23 65
23 92
24 33
24 46
24 62
25 80
25 96
26 86
26 88
28 29
28 84
28 92
29 91
30 83
30 87
31 67
31 74
33 68
34 47
35 74
35 80
36 53
36 75
37 87
37 89
38 63
38 74
39 57
39 73
40 86
40 90
41 72
41 83
42 51
42 56
42 69
43 45
43 62
43 91
44 62
44 75
44 98
45 76
45 94
46 78
47 76
48 86
48 87
48 95
49 56
49 75
49 85
50 81
51 95
51 96
52 90
52 99
53 63
54 88
55 71
55 81
55 99
56 61
57 77
58 59
58 66
59 60
59 94
60 84
60 97
61 63
64 80
64 89
65 66
65 77
66 97
67 84
67 95
68 70
68 79
69 73
70 99
71 91
72 82
79 85
85 93
96 98
