100 200 0.04040404040404041 4 4
0 13
0 18
0 20
0 76
1 45
1 59
1 71
1 75
2 28
2 77
2 79
2 81
3 24
3 48
3 57
3 93
4 9
4 14
4 30
4 37
5 11
5 14
5 30
5 90
6 64
6 73
6 78
6 81
7 12
7 77
7 87
7 98
8 26
8 37
8 73
8 78
9 18
9 44
9 81
10 37
10 63
10 81
10 85
11 63
11 66
11 69
12 61
12 70
12 76
13 15
13 22
13 68
14 34
14 82
15 82
15 86
15 94
16 23
16 24
16 36
16 48
17 42
17 56
17 65
17 87
18 33
18 52
19 21
19 24
19 46
19 51
20 31
20 52
20 85
21 33
21 67
21 88
22 27
22 44
22 91
23 35
23 91
23 99
24 53
25 38
25 50
25 65
25 89
26 27
26 55
26 57
27 39
27 96
28 59
28 73
28 74
29 56
29 58
29 60
29 71
30 40
30 62
31 39
31 48
31 85
32 79
32 89
32 90
32 93
33 38
33 79
34 55
34 62
34 93
35 40
35 48
35 93
36 43
36 58
36 88
37 75
38 40
38 69
39 68
39 85
40 99
41 43
41 52
41 70
41 86
42 49
42 53
42 61
43 54
43 67
44 59
44 72
45 49
45 69
45 82
46 51
46 74
46 98
47 51
47 64
47 77
47 89
49 66
49 84
50 53
50 76
50 97
51 83
52 94
53 72
54 55
54 62
54 78
55 98
56 88
56 91
57 70
57 90
58 60
58 77
59 80
60 72
60 97
61 64
61 95
62 76
63 68
63 99
64 92
65 83
65 98
66 67
66 88
67 96
68 71
69 87
70 84
71 96
72 95
73 92
74 86
74 89
75 84
75 95
78 91
79 80
80 86
80 94
82 97
83 84
83 99
87 95
90 92
92 96
94 97
