100 250 0.050505050505050504 5 5
0 38
0 58
0 76
0 85
0 91
1 19
1 24
1 74
1 79
1 96
2 18
2 36
2 64
2 78
2 86
3 4
3 33
3 62
3 92
3 98
4 26
4 47
4 56
4 67
5 22
5 28
5 29
5 56
5 59
6 7
6 16
6 39
6 47
6 73
7 49
7 62
7 71
7 96
8 10
8 13
8 29
8 68
8 75
9 15
9 26
9 38
9 65
9 92
10 63
10 86
10 93
10 98
11 32
11 52
11 62
11 82
11 92
12 22
12 24
12 36
12 75
12 99
13 19
13 35
13 45
13 60
14 20
14 31
14 42
14 50
14 73
15 55
15 63
15 84
15 85
16 20
16 48
16 69
16 80
17 19
17 24
17 33
17 49
17 90
18 61
18 81
18 82
18 89
19 22
19 32
20 28
20 31
20 69
21 34
21 37
21 59
21 82
21 88
22 43
22 57
23 39
23 65
23 76
23 78
23 98
24 47
24 88
25 31
25 49
25 51
25 53
25 71
26 46
26 55
26 90
27 41
27 75
27 81
27 91
27 97
28 49
28 81
28 98
29 54
29 60
29 71
30 35
30 61
30 73
30 76
30 77
31 55
31 75
32 36
32 51
32 80
33 64
33 70
33 87
34 67
34 70
34 80
34 86
35 42
35 44
35 70
36 68
36 71
37 40
37 46
37 70
37 79
38 41
38 83
38 96
39 48
39 61
39 93
40 45
40 53
40 73
40 89
41 58
41 72
41 76
42 57
42 85
42 97
43 53
43 69
43 78
43 85
44 54
44 77
44 82
44 93
45 58
45 80
45 99
46 65
46 67
46 90
47 80
47 83
48 57
48 74
48 90
49 72
50 63
50 66
50 95
50 96
51 73
51 83
51 91
52 58
52 74
52 87
52 97
53 60
53 91
54 75
54 81
54 89
55 79
55 94
56 69
56 90
56 94
57 60
57 76
58 66
59 61
59 87
59 91
60 72
61 92
62 66
62 84
63 77
63 84
64 65
64 68
64 78
65 97
66 94
66 95
67 87
67 88
68 83
68 89
69 82
70 92
71 97
72 79
72 99
74 89
74 93
77 96
77 98
78 99
79 95
81 95
83 84
84 85
86 87
86 93
88 94
88 99
94 95
