100 300 0.06060606060606061 6 6
0 23
0 57
0 76
0 79
0 84
0 87
1 7
1 43
1 56
1 71
1 86
1 99
2 14
2 17
2 36
2 87
2 94
2 97
3 5
3 13
3 31
3 64
3 65
3 71
4 18
4 20
4 32
4 73
4 86
4 94
5 22
5 42
5 49
5 75
5 99
6 10
6 37
6 68
6 73
6 84
6 88
7 16
7 30
7 42
7 46
7 48
8 12
8 16
8 28
8 55
8 66
8 84
9 21
9 23
9 36
9 58
9 70
9 77
10 17
10 18
10 38
10 41
10 67
11 15
11 29
11 39
11 50
11 63
11 90
12 15
12 27
12 34
12 46
12 72
13 29
13 37
13 45
13 52
13 54
14 19
14 67
14 70
14 71
14 92
15 18
15 28
15 77
15 98
16 65
16 70
16 73
16 81
17 23
17 40
17 59
17 97
18 20
18 56
18 93
19 22
19 55
19 67
19 79
19 87
20 31
20 43
20 54
20 85
21 30
21 33
21 38
21 71
21 80
22 47
22 58
22 60
22 89
23 34
23 69
23 83
24 43
24 66
24 77
24 88
24 90
24 94
25 47
25 52
25 66
25 81
25 83
25 97
26 27
26 32
26 35
26 37
26 48
26 50
27 28
27 31
27 36
27 94
28 36
28 62
28 81
29 51
29 57
29 70
29 82
30 31
30 40
30 48
30 79
31 61
31 97
32 35
32 36
32 39
32 84
33 37
33 45
33 55
33 64
33 74
34 43
34 65
34 90
34 91
35 40
35 51
35 60
35 88
36 64
37 65
37 68
38 63
38 80
38 91
38 96
39 47
39 60
39 68
39 92
40 53
40 58
40 82
41 49
41 54
41 61
41 86
41 87
42 44
42 52
42 60
42 73
43 67
43 78
44 47
44 57
44 64
44 82
44 93
45 49
45 60
45 69
45 84
46 52
46 68
46 83
46 98
47 50
47 58
48 65
48 79
48 96
49 53
49 79
49 80
50 72
50 86
50 93
51 52
51 55
51 62
51 75
52 82
53 59
53 67
53 80
53 81
54 72
54 83
54 95
55 76
55 85
56 63
56 95
56 96
56 99
57 58
57 73
57 78
58 97
59 74
59 76
59 88
59 89
60 77
61 78
61 93
61 97
61 98
62 65
62 72
62 92
62 98
63 64
63 88
63 89
64 95
66 69
66 84
66 85
67 85
68 70
68 83
69 76
69 94
69 99
70 89
71 85
71 96
72 74
72 80
73 87
74 78
74 79
74 95
75 82
75 86
75 90
75 92
76 85
76 91
77 90
77 99
78 80
78 91
81 88
81 93
82 91
83 89
86 95
87 98
89 94
90 91
92 96
92 98
93 96
95 99
