100 350 0.0707070707070707 7 7
0 21
0 29
0 40
0 66
0 86
0 94
0 95
1 6
1 19
1 33
1 39
1 52
1 60
1 71
2 5
2 14
2 15
2 67
2 70
2 77
2 87
3 15
3 27
3 33
3 34
3 70
3 93
3 96
4 15
4 58
4 70
4 74
4 85
4 90
4 93
5 6
5 19
5 26
5 35
5 42
5 96
6 16
6 46
6 51
6 68
6 69
7 38
7 40
7 50
7 68
7 70
7 72
7 75
8 11
8 26
8 37
8 43
8 45
8 64
8 70
9 20
9 26
9 76
9 77
9 79
9 82
9 97
10 15
10 29
10 37
10 53
10 55
10 62
10 96
11 18
11 36
11 50
11 57
11 62
11 96
12 18
12 59
12 73
12 77
12 79
12 83
12 91
13 17
13 25
13 35
13 41
13 43
13 74
13 97
14 18
14 28
14 41
14 57
14 64
14 73
15 19
15 84
15 86
16 36
16 56
16 71
16 90
16 92
16 94
17 21
17 32
17 48
17 54
17 72
17 82
18 49
18 53
18 73
18 74
19 30
19 31
19 81
19 96
20 44
20 48
20 67
20 80
20 89
20 98
21 24
21 27
21 65
21 69
21 84
22 23
22 27
22 59
22 64
22 85
22 88
22 89
23 32
23 44
23 60
23 69
23 75
23 82
24 32
24 42
24 62
24 80
24 82
24 97
25 38
25 50
25 51
25 54
25 78
25 80
26 68
26 88
26 94
26 99
27 42
27 43
27 81
27 86
28 36
28 44
28 48
28 54
28 70
28 82
29 32
29 33
29 53
29 75
29 99
30 38
30 51
30 52
30 61
30 82
30 98
31 39
31 53
31 65
31 78
31 88
31 96
32 49
32 59
32 95
33 68
33 70
33 79
33 99
34 54
34 69
34 80
34 85
34 88
34 92
35 42
35 65
35 84
35 89
35 99
36 41
36 46
36 88
36 91
37 41
37 43
37 60
37 77
37 85
38 39
38 66
38 71
38 93
39 40
39 63
39 66
39 93
40 47
40 55
40 68
40 84
41 42
41 49
41 83
42 58
42 95
43 75
43 79
43 80
44 63
44 75
44 80
44 91
45 54
45 56
45 63
45 72
45 80
45 96
46 49
46 60
46 67
46 79
46 90
47 56
47 61
47 62
47 67
47 93
47 98
48 61
48 73
48 76
48 99
49 65
49 73
49 87
50 54
50 55
50 81
50 92
51 57
51 59
51 92
51 94
52 57
52 83
52 87
52 90
52 92
53 68
53 94
53 95
54 79
55 57
55 67
55 77
55 78
56 63
56 64
56 71
56 86
57 64
57 75
58 60
58 62
58 73
58 82
58 92
59 84
59 86
59 98
60 69
60 71
61 63
61 72
61 86
61 91
62 74
62 76
63 95
63 97
64 81
64 88
65 85
65 87
65 95
66 72
66 76
66 89
66 97
67 71
67 91
68 85
69 78
69 85
71 87
72 77
72 83
73 87
74 83
74 93
74 98
75 83
76 78
76 84
76 98
77 89
78 94
78 99
79 89
81 86
81 88
81 93
83 90
84 99
87 91
89 97
90 94
90 97
91 92
95 98
