100 400 0.08080808080808081 8 8
0 6
0 7
0 10
0 13
0 18
0 31
0 34
0 74
1 3
1 26
1 32
1 40
1 68
1 70
1 88
1 96
2 4
2 7
2 34
2 36
2 56
2 58
2 80
2 81
3 23
3 35
3 41
3 46
3 51
3 68
3 84
4 8
4 26
4 45
4 46
4 59
4 62
4 67
5 15
5 22
5 41
5 47
5 48
5 56
5 61
5 88
6 13
6 41
6 50
6 52
6 54
6 71
6 84
7 21
7 57
7 59
7 69
7 76
7 77
8 21
8 31
8 44
8 52
8 64
8 75
8 90
9 26
9 61
9 67
9 69
9 78
9 89
9 94
9 99
10 25
10 38
10 43
10 67
10 68
10 89
10 93
11 27
11 34
11 45
11 46
11 64
11 78
11 81
11 94
12 26
12 29
12 54
12 64
12 85
12 97
12 98
12 99
13 18
13 42
13 69
13 92
13 94
13 95
14 16
14 27
14 35
14 47
14 50
14 68
14 73
14 74
15 37
15 46
15 47
15 53
15 81
15 84
15 87
16 17
16 26
16 33
16 65
16 76
16 79
16 88
17 27
17 29
17 35
17 69
17 71
17 72
17 83
18 23
18 49
18 63
18 87
18 90
18 91
19 20
19 45
19 56
19 60
19 65
19 76
19 91
19 96
20 29
20 34
20 36
20 46
20 53
20 63
20 72
21 22
21 30
21 42
21 55
21 62
21 86
22 23
22 43
22 63
22 79
22 91
22 97
23 46
23 47
23 85
23 87
23 95
24 38
24 40
24 59
24 60
24 66
24 70
24 74
24 78
25 31
25 43
25 44
25 49
25 55
25 84
25 96
26 39
26 58
26 70
27 39
27 51
27 57
27 58
27 84
28 35
28 36
28 40
28 52
28 71
28 73
28 82
28 96
29 31
29 52
29 54
29 72
29 89
30 33
30 38
30 42
30 48
30 52
30 58
30 78
31 37
31 38
31 76
31 77
32 39
32 55
32 57
32 59
32 69
32 79
32 96
33 50
33 68
33 71
33 73
33 75
33 84
34 37
34 51
34 54
34 56
35 80
35 86
35 90
35 97
36 39
36 48
36 73
36 88
36 92
37 64
37 72
37 76
37 80
37 91
38 50
38 53
38 98
38 99
39 55
39 62
39 93
39 95
40 42
40 53
40 60
40 61
40 96
41 43
41 67
41 69
41 85
41 95
42 83
42 89
42 91
42 98
43 56
43 58
43 61
43 62
44 45
44 49
44 61
44 77
44 79
44 90
45 57
45 66
45 72
45 89
46 50
46 99
47 53
47 54
47 71
47 82
48 50
48 69
48 75
48 78
48 89
49 63
49 64
49 73
49 92
49 97
50 78
50 86
51 59
51 66
51 72
51 76
51 83
52 64
52 85
52 89
53 63
53 83
53 94
54 62
54 67
54 83
55 57
55 64
55 94
55 99
56 60
56 61
56 62
57 66
57 75
57 92
58 65
58 87
58 93
59 65
59 78
59 86
60 61
60 76
60 82
60 86
61 72
62 66
62 70
63 70
63 75
63 81
64 88
65 72
65 73
65 74
65 83
66 68
66 70
66 77
67 75
67 82
67 86
68 79
68 86
69 82
70 82
70 94
71 78
71 85
71 98
73 81
73 98
74 82
74 87
74 88
74 92
75 81
75 97
76 90
77 79
77 80
77 92
77 97
79 93
79 95
80 88
80 90
80 92
80 95
81 87
81 99
82 97
83 84
83 93
84 99
85 88
85 95
85 98
86 96
87 93
87 98
89 93
90 91
90 95
91 93
91 99
92 94
94 97
96 98
