100 450 0.09090909090909091 9 9
0 2
0 3
0 41
0 45
0 47
0 56
0 62
0 90
0 97
1 5
1 23
1 30
1 49
1 58
1 60
1 77
1 86
1 92
2 10
2 22
2 46
2 59
2 74
2 90
2 93
2 95
3 7
3 11
3 59
3 60
3 64
3 77
3 85
3 94
4 22
4 29
4 36
4 37
4 46
4 52
4 58
4 59
4 67
5 25
5 28
5 30
5 63
5 72
5 85
5 95
5 99
6 8
6 16
6 21
6 37
6 42
6 47
6 65
6 89
6 97
7 17
7 18
7 48
7 51
7 57
7 74
7 78
7 81
8 43
8 53
8 57
8 58
8 69
8 78
8 84
8 99
9 23
9 27
9 55
9 58
9 63
9 72
9 79
9 92
9 97
10 11
10 14
10 15
10 26
10 63
10 69
10 84
10 88
11 33
11 38
11 43
11 55
11 56
11 61
11 91
12 15
12 25
12 31
12 38
12 50
12 51
12 66
12 79
12 97
13 30
13 31
13 60
13 61
13 66
13 68
13 80
13 82
13 87
14 17
14 35
14 57
14 64
14 67
14 86
14 88
14 99
15 18
15 24
15 26
15 28
15 56
15 70
15 88
16 27
16 46
16 53
16 70
16 72
16 78
16 86
16 96
17 20
17 26
17 40
17 43
17 68
17 69
17 97
18 39
18 41
18 45
18 60
18 81
18 91
18 98
19 21
19 24
19 40
19 66
19 79
19 84
19 89
19 91
19 95
20 36
20 51
20 54
20 62
20 74
20 88
20 92
20 96
21 24
21 31
21 37
21 43
21 47
21 86
21 87
22 23
22 50
22 54
22 62
22 64
22 77
22 90
23 27
23 31
23 37
23 55
23 65
23 84
24 32
24 48
24 56
24 72
24 90
24 92
25 28
25 36
25 37
25 57
25 71
25 73
25 98
26 34
26 51
26 61
26 66
26 77
26 84
27 52
27 57
27 60
27 67
27 69
27 75
28 35
28 49
28 61
28 71
28 73
28 83
29 32
29 33
29 34
29 44
29 72
29 84
29 85
29 87
30 35
30 50
30 79
30 81
30 83
30 93
31 48
31 52
31 58
31 82
31 84
32 37
32 64
32 67
32 75
32 76
32 92
32 99
33 48
33 63
33 68
33 69
33 89
33 90
33 93
34 35
34 37
34 73
34 77
34 85
34 86
34 95
35 74
35 76
35 89
35 94
35 97
36 40
36 51
36 69
36 70
36 80
36 95
37 41
37 94
38 42
38 45
38 46
38 56
38 61
38 83
38 89
39 42
39 44
39 45
39 56
39 67
39 83
39 87
39 89
40 47
40 62
40 70
40 91
40 96
40 98
41 43
41 51
41 71
41 86
41 94
41 97
42 44
42 46
42 50
42 70
42 71
42 76
43 59
43 62
43 78
43 80
44 59
44 65
44 68
44 88
44 93
44 94
45 47
45 52
45 53
45 67
45 93
46 63
46 89
46 93
46 94
47 54
47 62
47 70
47 83
48 59
48 60
48 68
48 71
48 96
49 52
49 55
49 63
49 64
49 82
49 86
49 96
50 67
50 76
50 87
50 96
50 98
51 70
51 85
51 99
52 61
52 66
52 67
52 98
53 54
53 73
53 75
53 89
53 95
53 96
54 55
54 90
54 91
54 92
54 95
55 56
55 75
55 76
55 85
56 65
56 94
57 58
57 69
57 75
57 77
58 66
58 77
58 79
59 72
59 85
59 95
60 78
60 92
60 98
61 68
61 80
61 89
62 74
62 91
62 94
63 82
63 86
63 96
64 66
64 72
64 80
64 90
65 70
65 74
65 76
65 87
65 94
66 82
66 86
67 81
68 71
68 78
68 83
69 80
69 97
70 85
71 83
71 91
71 99
72 74
72 84
73 77
73 80
73 81
73 91
73 98
74 87
74 88
75 80
75 82
75 93
75 96
76 78
76 82
76 99
77 90
78 79
78 88
79 83
79 84
79 90
80 97
81 82
81 92
81 93
81 99
82 98
83 87
85 87
88 93
88 95
91 99
92 98
