100 500 0.10101010101010101 10 10
0 22
0 26
0 45
0 60
0 62
0 69
0 78
0 86
0 94
0 95
1 24
1 35
1 44
1 58
1 73
1 75
1 83
1 86
1 90
1 92
2 7
2 14
2 29
2 44
2 45
2 46
2 60
2 61
2 66
2 95
3 10
3 18
3 34
3 45
3 46
3 54
3 56
3 57
3 68
3 93
4 13
4 14
4 15
4 53
4 58
4 64
4 77
4 92
4 96
4 99
5 8
5 25
5 29
5 33
5 43
5 55
5 63
5 67
5 74
5 90
6 8
6 11
6 28
6 35
6 37
6 56
6 59
6 76
6 79
6 87
7 19
7 32
7 46
7 48
7 50
7 63
7 77
7 83
7 85
8 16
8 18
8 24
8 27
8 56
8 62
8 74
8 87
9 29
9 30
9 43
9 45
9 59
9 61
9 67
9 71
9 76
9 97
10 21
10 33
10 50
10 52
10 53
10 55
10 81
10 89
10 97
11 24
11 35
11 36
11 44
11 50
11 58
11 63
11 79
11 96
12 13
12 16
12 17
12 18
12 27
12 30
12 47
12 56
12 61
12 95
13 17
13 21
13 38
13 50
13 51
13 72
13 89
13 95
14 17
14 33
14 39
14 49
14 52
14 68
14 84
14 89
15 31
15 32
15 37
15 42
15 45
15 52
15 70
15 82
15 97
16 17
16 19
16 30
16 35
16 58
16 78
16 84
16 86
17 19
17 31
17 37
17 42
17 56
17 96
18 24
18 29
18 40
18 55
18 61
18 63
18 95
19 32
19 42
19 43
19 68
19 76
19 80
19 85
20 23
20 25
20 33
20 40
20 41
20 45
20 47
20 64
20 69
20 99
21 28
21 32
21 36
21 40
21 78
21 89
21 94
21 97
22 24
22 35
22 54
22 62
22 68
22 74
22 75
22 90
22 97
23 24
23 37
23 38
23 42
23 52
23 58
23 60
23 82
23 93
24 38
24 45
24 80
24 96
25 35
25 38
25 47
25 48
25 53
25 71
25 95
25 98
26 34
26 38
26 40
26 61
26 84
26 88
26 93
26 94
26 98
27 44
27 45
27 59
27 62
27 84
27 85
27 90
27 99
28 39
28 60
28 61
28 73
28 78
28 83
28 86
28 93
29 30
29 46
29 66
29 72
29 86
29 90
30 31
30 34
30 36
30 64
30 65
30 68
31 41
31 56
31 63
31 65
31 77
31 90
31 92
32 40
32 41
32 52
32 75
32 83
32 93
33 36
33 59
33 60
33 65
33 75
33 82
34 36
34 39
34 43
34 66
34 69
34 70
34 98
35 64
35 70
35 79
35 90
36 47
36 48
36 49
36 58
36 61
37 71
37 74
37 81
37 83
37 86
37 88
38 41
38 46
38 50
38 53
38 91
39 51
39 59
39 63
39 67
39 74
39 88
39 98
40 41
40 81
40 85
40 86
40 87
41 72
41 73
41 83
41 93
41 96
42 48
42 50
42 51
42 58
42 77
42 94
43 51
43 57
43 58
43 86
43 98
43 99
44 56
44 71
44 78
44 82
44 87
44 99
45 47
45 89
46 64
46 66
46 67
46 77
46 98
47 68
47 91
47 92
47 96
47 97
48 52
48 54
48 65
48 67
48 88
48 94
49 51
49 53
49 63
49 70
49 72
49 77
49 80
49 82
50 65
50 74
50 79
50 93
51 54
51 62
51 66
51 79
51 91
52 56
52 57
52 87
52 88
53 57
53 69
53 88
53 90
53 98
54 62
54 69
54 73
54 88
54 89
54 96
55 57
55 65
55 70
55 79
55 80
55 88
55 99
56 69
56 74
57 63
57 84
57 85
57 90
57 97
58 78
58 85
59 64
59 76
59 78
59 79
59 91
60 65
60 75
60 80
60 81
60 82
61 72
61 79
61 92
62 72
62 73
62 87
62 94
63 81
63 83
64 75
64 84
64 89
64 98
65 68
65 71
65 79
66 68
66 70
66 76
66 91
66 94
67 83
67 86
67 91
67 93
67 97
68 83
68 84
69 73
69 74
69 80
69 84
70 76
70 81
70 85
70 89
71 81
71 85
71 92
71 97
71 99
72 75
72 77
72 91
72 92
73 87
73 95
73 96
73 98
74 82
74 84
75 83
75 91
75 99
76 79
76 80
76 81
76 86
77 85
77 93
77 94
78 87
78 88
78 95
80 81
80 94
80 99
81 91
82 93
82 95
82 96
84 96
85 88
87 92
87 95
89 92
89 98
90 91
92 97
94 99
