100 550 0.1111111111111111 11 11
0 2
0 7
0 8
0 13
0 23
0 46
0 59
0 66
0 86
0 87
0 99
1 8
1 9
1 10
1 24
1 50
1 56
1 63
1 64
1 73
1 93
1 99
2 12
2 15
2 35
2 51
2 56
2 65
2 67
2 69
2 70
2 88
3 6
3 10
3 11
3 39
3 42
3 48
3 66
3 68
3 78
3 97
3 98
4 22
4 38
4 50
4 51
4 56
4 68
4 69
4 74
4 80
4 89
4 96
5 8
5 16
5 19
5 26
5 29
5 39
5 45
5 71
5 88
5 89
5 92
6 16
6 23
6 27
6 29
6 33
6 37
6 63
6 68
6 78
6 93
7 16
7 29
7 41
7 47
7 80
7 88
7 92
7 93
7 96
7 97
8 16
8 27
8 31
8 61
8 65
8 75
8 88
8 96
9 14
9 23
9 24
9 37
9 54
9 58
9 82
9 85
9 94
9 99
10 17
10 37
10 45
10 52
10 57
10 64
10 82
10 91
10 92
11 23
11 44
11 53
11 61
11 63
11 73
11 79
11 86
11 90
11 96
12 15
12 19
12 50
12 52
12 57
12 58
12 62
12 73
12 75
12 96
13 15
13 33
13 35
13 55
13 59
13 61
13 64
13 77
13 84
13 95
14 19
14 27
14 38
14 62
14 78
14 80
14 82
14 84
14 85
14 86
15 19
15 25
15 28
15 35
15 40
15 41
15 60
15 99
16 19
16 33
16 34
16 40
16 77
16 88
16 92
17 18
17 36
17 39
17 44
17 45
17 64
17 74
17 78
17 80
17 98
18 19
18 34
18 49
18 56
18 58
18 61
18 67
18 76
18 82
18 87
19 25
19 56
19 87
19 88
19 95
20 30
20 45
20 50
20 53
20 54
20 62
20 67
20 72
20 73
20 76
20 98
21 29
21 30
21 32
21 35
21 46
21 55
21 56
21 69
21 90
21 94
21 98
22 30
22 39
22 42
22 51
22 60
22 71
22 75
22 83
22 91
22 97
23 38
23 47
23 66
23 69
23 70
23 81
23 97
24 28
24 39
24 42
24 57
24 67
24 78
24 85
24 86
24 93
25 39
25 41
25 56
25 62
25 74
25 75
25 77
25 79
25 98
26 32
26 34
26 41
26 42
26 46
26 56
26 58
26 59
26 79
26 83
27 47
27 52
27 58
27 63
27 70
27 83
27 84
27 94
28 41
28 43
28 53
28 55
28 70
28 74
28 79
28 89
28 91
29 47
29 49
29 57
29 70
29 75
29 79
29 88
30 33
30 42
30 44
30 75
30 90
30 91
30 93
30 99
31 32
31 35
31 37
31 48
31 51
31 62
31 69
31 80
31 83
31 84
32 36
32 43
32 47
32 52
32 78
32 85
32 91
32 99
33 36
33 38
33 50
33 60
33 80
33 81
33 97
34 40
34 54
34 72
34 75
34 77
34 86
34 93
34 99
35 61
35 65
35 73
35 74
35 77
35 90
36 39
36 43
36 55
36 60
36 65
36 67
36 76
36 99
37 46
37 47
37 74
37 75
37 81
37 84
37 89
38 42
38 43
38 46
38 51
38 76
38 89
38 93
39 49
39 53
39 65
39 66
40 48
40 49
40 52
40 71
40 76
40 77
40 81
40 90
41 49
41 60
41 66
41 71
41 78
41 94
42 68
42 72
42 77
42 92
42 95
43 48
43 75
43 84
43 85
43 87
43 91
43 93
44 54
44 57
44 61
44 64
44 68
44 78
44 81
44 98
45 53
45 58
45 69
45 70
45 84
45 85
45 90
46 50
46 65
46 69
46 71
46 76
46 97
47 63
47 80
47 89
47 91
47 95
48 49
48 68
48 81
48 82
48 83
48 88
48 97
49 54
49 60
49 61
49 71
49 87
50 55
50 66
50 87
50 89
50 90
51 59
51 69
51 71
51 79
51 86
51 98
52 55
52 57
52 58
52 59
52 63
52 75
53 60
53 68
53 71
53 72
53 87
53 94
54 72
54 73
54 80
54 92
54 94
54 97
55 79
55 87
55 88
55 92
55 93
56 83
56 89
56 94
57 58
57 64
57 73
57 81
57 96
58 77
58 84
58 90
59 65
59 76
59 82
59 85
59 89
59 98
60 82
60 87
60 91
60 93
61 68
61 82
61 83
61 85
62 68
62 77
62 82
62 89
62 91
62 98
63 82
63 84
63 95
63 96
63 97
64 72
64 73
64 88
64 97
64 98
65 70
65 77
65 84
65 90
66 67
66 70
66 72
66 92
66 95
67 69
67 72
67 78
67 90
67 91
68 86
68 92
69 73
69 79
70 74
70 81
70 93
71 76
71 78
71 99
72 80
72 90
72 94
73 85
73 91
74 75
74 85
74 95
74 99
76 77
76 79
76 86
78 95
79 80
79 92
80 96
81 83
81 87
81 89
82 95
83 86
83 95
83 96
84 99
85 94
86 88
86 96
87 96
92 94
94 95
97 98
