100 600 0.12121212121212122 12 12
0 1
0 3
0 8
0 21
0 28
0 53
0 54
0 71
0 83
0 84
0 85
0 93
1 8
1 11
1 15
1 20
1 21
1 33
1 35
1 58
1 65
1 73
1 88
2 7
2 15
2 26
2 33
2 37
2 41
2 43
2 49
2 55
2 57
2 66
2 82
3 12
3 13
3 21
3 26
3 30
3 31
3 39
3 40
3 79
3 95
3 98
4 22
4 32
4 46
4 47
4 48
4 58
4 62
4 68
4 69
4 90
4 93
4 94
5 8
5 12
5 24
5 25
5 29
5 40
5 48
5 51
5 54
5 59
5 61
5 96
6 16
6 21
6 29
6 35
6 36
6 38
6 55
6 60
6 65
6 70
6 83
6 93
7 32
7 54
7 55
7 59
7 61
7 63
7 65
7 73
7 80
7 87
7 93
8 11
8 15
8 17
8 23
8 36
8 61
8 65
8 88
8 98
9 12
9 18
9 20
9 28
9 33
9 40
9 42
9 54
9 63
9 66
9 77
9 84
10 17
10 28
10 35
10 46
10 54
10 57
10 71
10 80
10 83
10 85
10 91
10 96
11 20
11 21
11 59
11 66
11 67
11 69
11 75
11 76
11 91
11 92
12 17
12 22
12 23
12 27
12 49
12 58
12 81
12 98
12 99
13 19
13 24
13 25
13 30
13 31
13 41
13 62
13 68
13 69
13 79
13 99
14 23
14 24
14 38
14 44
14 51
14 52
14 65
14 70
14 82
14 83
14 84
14 98
15 26
15 58
15 76
15 79
15 81
15 90
15 91
15 97
15 99
16 28
16 31
16 34
16 39
16 52
16 63
16 67
16 80
16 81
16 89
16 97
17 19
17 22
17 39
17 42
17 53
17 55
17 62
17 93
17 98
18 20
18 24
18 36
18 37
18 39
18 43
18 64
18 66
18 74
18 83
18 96
19 26
19 32
19 42
19 49
19 59
19 62
19 71
19 73
19 78
19 93
20 27
20 45
20 49
20 71
20 72
20 78
20 93
20 96
21 41
21 43
21 62
21 83
21 84
21 88
21 89
22 25
22 30
22 37
22 43
22 44
22 69
22 72
22 77
22 85
23 38
23 40
23 57
23 60
23 71
23 75
23 82
23 91
23 94
24 34
24 48
24 61
24 76
24 80
24 86
24 93
24 95
25 30
25 34
25 39
25 43
25 44
25 52
25 55
25 62
25 96
26 27
26 29
26 41
26 53
26 54
26 74
26 78
26 97
27 29
27 34
27 36
27 57
27 63
27 70
27 86
27 90
27 91
28 30
28 43
28 56
28 57
28 64
28 80
28 87
28 89
29 32
29 37
29 38
29 44
29 46
29 49
29 75
29 89
30 31
30 47
30 50
30 60
30 94
30 96
30 97
31 35
31 39
31 51
31 53
31 64
31 74
31 79
31 98
32 37
32 40
32 41
32 60
32 66
32 68
32 92
32 98
33 40
33 42
33 43
33 45
33 46
33 65
33 76
33 88
33 99
34 35
34 57
34 61
34 65
34 66
34 67
34 72
34 95
35 39
35 43
35 47
35 51
35 63
35 80
35 84
36 37
36 61
36 66
36 75
36 84
36 87
36 89
36 98
37 52
37 54
37 56
37 59
37 70
37 99
38 42
38 44
38 70
38 73
38 75
38 77
38 92
38 94
39 47
39 57
39 64
39 76
39 91
40 50
40 57
40 61
40 78
40 79
40 87
41 65
41 69
41 70
41 75
41 85
41 88
41 96
42 47
42 48
42 52
42 53
42 81
42 91
42 96
43 63
43 68
43 90
43 95
44 50
44 52
44 74
44 81
44 91
44 92
44 95
45 46
45 56
45 62
45 64
45 74
45 76
45 78
45 85
45 92
45 96
46 56
46 58
46 61
46 67
46 84
46 89
46 94
47 50
47 53
47 64
47 88
47 90
47 92
47 97
48 49
48 51
48 58
48 73
48 77
48 78
48 90
48 94
49 56
49 59
49 71
49 75
49 77
49 86
50 69
50 71
50 72
50 81
50 82
50 85
50 86
50 99
51 54
51 64
51 68
51 77
51 84
51 92
51 98
52 59
52 60
52 71
52 76
52 77
52 79
53 69
53 74
53 86
53 88
53 89
53 97
54 68
54 82
54 90
54 96
55 57
55 70
55 72
55 74
55 76
55 77
55 85
56 67
56 72
56 74
56 78
56 79
56 90
56 97
57 67
57 82
57 87
58 67
58 72
58 79
58 88
58 95
58 99
59 64
59 65
59 69
59 87
59 89
60 62
60 67
60 74
60 79
60 83
60 86
60 95
61 63
61 65
61 73
61 90
62 70
62 80
62 83
62 94
63 66
63 69
63 73
63 80
63 88
64 67
64 74
64 81
64 97
65 70
65 73
66 70
66 81
66 90
66 99
67 71
67 81
67 98
68 71
68 80
68 91
68 92
68 94
68 95
69 84
69 85
69 91
70 79
70 97
71 78
71 95
72 77
72 78
72 89
72 91
72 94
73 75
73 81
73 82
73 87
74 79
74 82
75 77
75 81
75 86
75 87
76 79
76 80
76 84
76 97
77 84
77 88
78 85
78 92
78 94
80 93
80 98
81 90
82 88
82 89
82 92
82 99
83 85
83 89
83 91
83 93
84 86
85 87
85 97
86 89
86 96
86 97
86 99
87 90
87 95
87 96
88 93
92 93
92 99
94 95
94 98
95 99
