100 650 0.13131313131313133 13 13
0 5
0 31
0 34
0 40
0 47
0 48
0 51
0 53
0 61
0 67
0 81
0 88
0 89
1 20
1 24
1 29
1 31
1 33
1 34
1 42
1 45
1 71
1 77
1 82
1 83
1 84
2 9
2 22
2 27
2 38
2 40
2 51
2 52
2 56
2 62
2 68
2 78
2 86
2 91
3 7
3 16
3 18
3 28
3 30
3 31
3 33
3 40
3 54
3 55
3 62
3 68
3 96
4 8
4 10
4 16
4 32
4 35
4 44
4 48
4 61
4 74
4 84
4 89
4 90
4 95
5 30
5 38
5 41
5 48
5 50
5 61
5 63
5 74
5 80
5 84
5 88
5 92
6 20
6 25
6 26
6 38
6 41
6 42
6 54
6 75
6 86
6 90
6 93
6 95
6 97
7 8
7 30
7 35
7 48
7 56
7 60
7 64
7 68
7 70
7 74
7 78
7 81
8 12
8 16
8 19
8 31
8 32
8 46
8 62
8 71
8 72
8 84
8 89
9 10
9 21
9 24
9 30
9 45
9 48
9 56
9 62
9 65
9 76
9 90
9 93
10 18
10 19
10 30
10 42
10 43
10 46
10 51
10 56
10 66
10 84
10 85
11 15
11 27
11 30
11 36
11 44
11 46
11 54
11 59
11 64
11 75
11 79
11 85
11 98
12 14
12 47
12 55
12 60
12 66
12 74
12 76
12 83
12 86
12 87
12 89
12 93
13 20
13 32
13 33
13 47
13 50
13 55
13 64
13 78
13 86
13 87
13 95
13 96
13 99
14 29
14 35
14 48
14 49
14 50
14 59
14 62
14 81
14 83
14 92
14 97
14 98
15 35
15 36
15 49
15 65
15 74
15 77
15 78
15 82
15 87
15 90
15 91
15 98
16 19
16 26
16 28
16 34
16 39
16 51
16 53
16 56
16 92
16 97
17 25
17 26
17 53
17 65
17 68
17 70
17 78
17 81
17 82
17 85
17 89
17 92
17 98
18 27
18 28
18 32
18 38
18 65
18 68
18 69
18 72
18 81
18 89
18 94
19 23
19 34
19 35
19 37
19 44
19 49
19 75
19 86
19 88
19 98
20 28
20 42
20 61
20 78
20 79
20 83
20 84
20 87
20 95
20 99
21 25
21 27
21 31
21 36
21 42
21 44
21 52
21 54
21 64
21 66
21 76
21 81
22 25
22 47
22 56
22 57
22 58
22 63
22 67
22 70
22 87
22 88
22 89
22 95
23 27
23 42
23 44
23 45
23 50
23 52
23 60
23 65
23 68
23 87
23 92
23 99
24 35
24 37
24 45
24 49
24 53
24 54
24 60
24 80
24 86
24 94
24 97
25 29
25 35
25 39
25 45
25 59
25 60
25 68
25 75
25 76
26 28
26 30
26 43
26 47
26 63
26 67
26 71
26 73
26 93
26 99
27 43
27 49
27 58
27 69
27 72
27 93
27 95
27 96
28 39
28 47
28 55
28 56
28 58
28 62
28 75
28 99
29 31
29 32
29 36
29 50
29 58
29 65
29 68
29 77
29 80
29 88
30 58
30 59
30 60
30 73
30 76
30 91
31 35
31 49
31 77
31 78
31 83
31 84
31 90
32 43
32 44
32 45
32 53
32 54
32 70
32 71
32 79
33 35
33 43
33 49
33 50
33 53
33 54
33 64
33 74
33 94
33 97
34 42
34 45
34 58
34 63
34 65
34 69
34 72
34 73
34 75
35 37
35 39
35 66
35 91
36 54
36 55
36 61
36 63
36 66
36 71
36 73
36 89
36 92
37 58
37 66
37 70
37 71
37 74
37 75
37 80
37 92
37 97
37 98
38 63
38 64
38 75
38 77
38 80
38 82
38 96
38 98
38 99
39 43
39 49
39 50
39 66
39 72
39 82
39 84
39 87
39 91
40 45
40 49
40 51
40 52
40 60
40 73
40 80
40 85
40 92
40 93
41 57
41 64
41 69
41 77
41 80
41 81
41 84
41 85
41 87
41 88
41 94
42 52
42 76
42 81
42 86
42 87
42 91
43 49
43 56
43 62
43 81
43 91
43 94
43 97
44 52
44 55
44 57
44 61
44 65
44 79
44 90
45 57
45 83
45 86
45 91
45 99
46 47
46 52
46 58
46 65
46 72
46 73
46 80
46 87
46 96
46 97
47 56
47 61
47 69
47 72
47 79
47 80
48 50
48 63
48 67
48 79
48 83
48 84
48 95
49 63
49 78
49 87
50 54
50 63
50 64
50 80
50 82
51 54
51 62
51 65
51 70
51 71
51 74
51 83
51 97
52 53
52 59
52 86
52 95
52 96
52 98
53 66
53 69
53 72
53 75
53 98
53 99
54 55
54 56
54 85
55 59
55 71
55 72
55 73
55 77
55 91
56 64
56 75
56 95
57 61
57 63
57 66
57 69
57 70
57 82
57 85
57 90
57 96
58 60
58 71
58 88
58 90
58 91
59 67
59 73
59 76
59 85
59 86
59 96
59 99
60 71
60 82
60 84
60 92
60 94
61 70
61 71
61 88
61 93
61 96
62 67
62 70
62 75
62 83
62 91
63 68
63 78
63 82
64 70
64 74
64 76
64 79
65 90
65 93
65 98
66 73
66 85
66 93
66 97
67 68
67 77
67 79
67 85
67 88
67 89
67 96
68 72
68 95
68 97
69 73
69 79
69 81
69 95
69 96
69 98
70 82
70 86
70 87
71 90
71 93
72 89
72 93
72 99
73 74
73 79
73 92
74 79
74 85
74 92
75 92
75 95
76 77
76 79
76 80
76 93
76 94
77 80
77 89
77 90
77 94
78 83
78 84
78 94
78 98
79 84
80 81
81 85
81 97
82 85
82 86
82 91
83 88
83 93
83 94
86 88
87 90
88 97
88 99
89 90
89 99
91 94
92 99
94 95
94 96
96 98
