100 700 0.1414141414141414 14 14
0 13
0 16
0 24
0 32
0 36
0 37
0 38
0 48
0 57
0 76
0 79
0 84
0 87
0 95
1 14
1 16
1 19
1 28
1 41
1 45
1 46
1 47
1 50
1 59
1 73
1 80
1 90
1 93
2 18
2 23
2 26
2 45
2 48
2 51
2 54
2 55
2 56
2 59
2 62
2 72
2 81
2 94
3 21
3 31
3 32
3 39
3 51
3 54
3 64
3 65
3 68
3 72
3 73
3 82
3 86
3 89
4 11
4 20
4 40
4 46
4 56
4 64
4 68
4 69
4 71
4 73
4 78
4 83
4 97
4 99
5 11
5 25
5 27
5 33
5 36
5 43
5 46
5 53
5 55
5 67
5 88
5 92
5 94
5 98
6 9
6 12
6 15
6 28
6 33
6 36
6 41
6 42
6 51
6 52
6 58
6 79
6 89
6 96
7 24
7 35
7 36
7 41
7 49
7 51
7 54
7 55
7 66
7 70
7 75
7 80
7 85
7 92
8 9
8 12
8 18
8 19
8 35
8 49
8 69
8 70
8 72
8 78
8 80
8 83
8 84
8 97
9 10
9 14
9 18
9 23
9 27
9 38
9 47
9 55
9 76
9 82
9 93
9 96
10 12
10 24
10 37
10 39
10 43
10 48
10 65
10 67
10 71
10 82
10 85
10 89
10 93
11 16
11 26
11 28
11 29
11 34
11 40
11 43
11 54
11 73
11 85
11 96
11 98
12 15
12 29
12 30
12 33
12 34
12 40
12 52
12 61
12 75
12 98
12 99
13 21
13 23
13 36
13 38
13 44
13 46
13 49
13 59
13 70
13 75
13 78
13 80
13 82
14 17
14 18
14 28
14 37
14 39
14 44
14 45
14 47
14 49
14 66
14 71
14 98
15 21
15 34
15 48
15 55
15 58
15 69
15 71
15 76
15 79
15 80
15 86
15 95
16 47
16 48
16 51
16 54
16 68
16 74
16 77
16 83
16 87
16 93
16 99
17 20
17 24
17 40
17 44
17 47
17 54
17 58
17 60
17 66
17 73
17 81
17 82
17 98
18 23
18 29
18 38
18 45
18 47
18 53
18 68
18 77
18 83
18 91
19 22
19 28
19 30
19 34
19 45
19 50
19 63
19 76
19 77
19 79
19 86
19 96
20 22
20 46
20 51
20 60
20 66
20 67
20 69
20 74
20 78
20 87
20 97
20 98
21 31
21 41
21 46
21 51
21 52
21 56
21 62
21 65
21 81
21 90
21 94
22 25
22 27
22 57
22 58
22 62
22 63
22 65
22 68
22 70
22 71
22 87
22 88
23 26
23 31
23 34
23 40
23 43
23 52
23 54
23 55
23 62
23 71
24 32
24 33
24 34
24 36
24 51
24 61
24 62
24 63
24 87
24 93
25 26
25 30
25 32
25 36
25 37
25 47
25 56
25 58
25 67
25 71
25 80
25 84
26 28
26 35
26 43
26 44
26 46
26 48
26 57
26 58
26 63
26 92
27 30
27 40
27 45
27 57
27 62
27 65
27 67
27 68
27 72
27 74
27 99
28 39
28 40
28 42
28 47
28 48
28 67
28 74
28 94
29 31
29 38
29 50
29 60
29 64
29 65
29 68
29 71
29 81
29 85
29 92
30 31
30 39
30 55
30 59
30 69
30 77
30 81
30 86
30 92
30 96
31 46
31 47
31 53
31 55
31 71
31 72
31 80
31 84
31 99
32 38
32 56
32 60
32 61
32 73
32 77
32 80
32 87
32 93
32 97
33 35
33 36
33 37
33 45
33 59
33 60
33 66
33 71
33 86
33 93
34 37
34 43
34 74
34 84
34 85
34 87
34 95
34 97
35 53
35 58
35 61
35 68
35 76
35 82
35 85
35 86
35 95
35 96
36 39
36 53
36 55
36 58
36 60
36 96
37 46
37 54
37 63
37 75
37 76
37 84
37 91
37 92
38 52
38 54
38 61
38 66
38 71
38 78
38 82
38 96
39 44
39 49
39 68
39 74
39 89
39 91
39 92
39 95
40 54
40 59
40 61
40 62
40 76
40 95
40 96
41 44
41 45
41 57
41 61
41 64
41 72
41 86
41 93
41 95
41 99
42 44
42 46
42 58
42 59
42 62
42 65
42 76
42 77
42 78
42 79
42 84
42 93
43 48
43 54
43 61
43 67
43 72
43 89
43 95
43 96
44 52
44 59
44 64
44 69
44 75
44 84
44 88
45 53
45 80
45 82
45 83
45 86
45 96
46 52
46 56
46 57
46 83
47 64
47 67
47 75
47 89
47 98
48 53
48 59
48 63
48 66
48 85
48 92
49 58
49 68
49 69
49 74
49 86
49 88
49 92
49 94
49 95
50 51
50 52
50 64
50 72
50 77
50 82
50 83
50 89
50 90
50 92
50 97
51 56
51 80
51 85
51 86
51 91
52 65
52 71
52 72
52 73
52 77
52 81
53 70
53 74
53 75
53 81
53 90
53 91
53 99
54 75
54 81
54 95
55 56
55 58
55 60
55 81
55 88
56 62
56 72
56 74
56 85
56 89
56 93
57 63
57 66
57 79
57 80
57 85
57 88
57 90
57 96
58 60
58 78
58 88
59 61
59 65
59 70
59 81
59 91
60 65
60 69
60 70
60 73
60 79
60 87
61 69
61 74
61 75
61 86
61 90
62 63
62 72
62 81
62 83
62 85
63 74
63 77
63 83
63 92
63 96
63 99
64 65
64 81
64 85
64 87
64 91
64 92
64 98
65 70
65 73
65 83
66 69
66 72
66 83
66 85
66 93
66 97
67 76
67 77
67 78
67 86
67 90
67 91
68 78
68 88
68 89
68 95
69 80
69 88
69 97
69 98
70 72
70 74
70 76
70 90
70 97
70 99
71 83
71 94
72 93
73 75
73 79
73 88
73 93
73 94
74 81
74 94
75 76
75 78
75 88
75 99
76 79
76 87
76 89
77 82
77 87
77 94
77 95
78 87
78 89
78 91
78 94
79 82
79 90
79 91
79 95
79 98
80 81
80 87
82 90
82 94
82 97
83 84
83 89
84 88
84 91
84 92
84 97
84 99
85 93
86 94
86 95
87 89
88 97
88 99
89 98
90 96
90 97
90 98
90 99
91 92
91 94
91 98
94 98
97 99
