100 750 0.15151515151515152 15 15
0 1
0 20
0 30
0 33
0 40
0 51
0 55
0 57
0 64
0 69
0 71
0 77
0 78
0 85
0 89
1 17
1 24
1 36
1 37
1 38
1 40
1 51
1 56
1 58
1 65
1 68
1 72
1 79
1 81
2 3
2 5
2 10
2 16
2 18
2 31
2 35
2 36
2 45
2 49
2 54
2 65
2 68
2 87
2 94
3 8
3 15
3 17
3 19
3 23
3 25
3 28
3 33
3 34
3 35
3 43
3 48
3 70
3 95
4 6
4 9
4 12
4 27
4 37
4 39
4 41
4 43
4 44
4 46
4 64
4 68
4 72
4 96
4 97
5 11
5 17
5 19
5 24
5 25
5 44
5 48
5 49
5 50
5 60
5 67
5 83
5 89
5 95
6 19
6 20
6 42
6 43
6 50
6 57
6 61
6 62
6 63
6 69
6 72
6 74
6 76
6 78
7 10
7 17
7 27
7 35
7 39
7 44
7 49
7 71
7 73
7 74
7 76
7 80
7 82
7 91
7 98
8 14
8 35
8 36
8 56
8 60
8 61
8 62
8 63
8 73
8 78
8 80
8 84
8 92
8 93
9 11
9 14
9 24
9 30
9 36
9 38
9 39
9 41
9 47
9 57
9 73
9 76
9 87
9 93
10 15
10 18
10 32
10 33
10 38
10 45
10 51
10 56
10 70
10 75
10 76
10 85
10 91
11 12
11 25
11 29
11 40
11 45
11 46
11 52
11 53
11 55
11 77
11 81
11 88
11 92
12 18
12 21
12 23
12 25
12 27
12 28
12 44
12 49
12 53
12 79
12 83
12 86
12 97
13 14
13 19
13 26
13 29
13 37
13 42
13 43
13 44
13 47
13 57
13 78
13 84
13 87
13 88
13 92
14 20
14 21
14 26
14 29
14 30
14 56
14 68
14 72
14 81
14 85
14 95
14 98
15 16
15 28
15 29
15 37
15 48
15 50
15 54
15 66
15 74
15 81
15 86
15 89
15 97
16 20
16 31
16 32
16 36
16 41
16 52
16 55
16 57
16 59
16 64
16 72
16 90
16 98
17 58
17 66
17 69
17 72
17 74
17 75
17 80
17 81
17 84
17 90
17 99
18 20
18 32
18 49
18 53
18 58
18 61
18 62
18 72
18 73
18 84
18 91
18 92
19 23
19 33
19 42
19 46
19 50
19 55
19 58
19 60
19 68
19 89
19 97
20 25
20 34
20 40
20 46
20 51
20 61
20 62
20 81
20 85
20 92
21 22
21 28
21 38
21 41
21 42
21 44
21 45
21 55
21 58
21 67
21 73
21 81
21 97
22 32
22 36
22 37
22 40
22 53
22 61
22 63
22 67
22 74
22 78
22 82
22 85
22 91
22 94
23 33
23 39
23 40
23 41
23 44
23 47
23 55
23 58
23 60
23 70
23 92
23 93
24 32
24 34
24 37
24 50
24 58
24 61
24 63
24 69
24 78
24 90
24 93
24 96
25 28
25 32
25 38
25 45
25 56
25 68
25 84
25 89
25 90
25 92
26 34
26 46
26 52
26 55
26 57
26 59
26 64
26 78
26 79
26 83
26 84
26 92
26 96
27 34
27 41
27 47
27 53
27 62
27 71
27 73
27 79
27 83
27 85
27 95
27 97
28 34
28 54
28 66
28 71
28 75
28 94
28 95
28 97
28 98
28 99
29 32
29 35
29 42
29 47
29 49
29 54
29 68
29 73
29 85
29 86
29 87
30 31
30 43
30 56
30 61
30 63
30 65
30 67
30 74
30 83
30 87
30 88
30 89
31 35
31 47
31 50
31 58
31 61
31 67
31 70
31 71
31 73
31 82
31 86
31 88
32 48
32 66
32 67
32 81
32 90
32 97
32 98
32 99
33 44
33 53
33 59
33 60
33 63
33 76
33 79
33 83
33 87
33 92
34 44
34 58
34 71
34 77
34 80
34 84
34 87
34 91
34 98
35 43
35 46
35 49
35 52
35 61
35 63
35 76
35 91
35 95
36 46
36 52
36 53
36 55
36 63
36 76
36 77
36 89
36 94
37 38
37 41
37 42
37 48
37 50
37 73
37 80
37 91
37 93
38 40
38 45
38 51
38 54
38 57
38 58
38 69
38 94
38 95
39 45
39 48
39 67
39 68
39 75
39 76
39 80
39 82
39 86
39 95
39 97
40 45
40 56
40 64
40 69
40 74
40 75
40 85
40 87
41 42
41 43
41 44
41 55
41 61
41 67
41 77
41 95
42 53
42 63
42 65
42 71
42 73
42 82
42 86
42 99
43 48
43 55
43 57
43 66
43 91
43 94
43 96
43 99
44 59
44 65
44 74
44 80
44 87
45 60
45 62
45 85
45 90
45 92
45 94
45 98
46 51
46 57
46 62
46 65
46 74
46 80
46 85
46 86
47 54
47 59
47 60
47 63
47 64
47 71
47 72
47 89
47 99
48 50
48 53
48 68
48 69
48 71
48 81
48 93
48 96
49 68
49 72
49 77
49 79
49 84
49 89
49 93
49 99
50 62
50 66
50 74
50 78
50 93
50 95
50 99
51 54
51 64
51 65
51 69
51 70
51 75
51 85
51 91
51 94
52 59
52 74
52 82
52 86
52 87
52 89
52 90
52 91
52 94
52 96
53 59
53 72
53 76
53 82
53 95
53 98
54 58
54 63
54 71
54 73
54 74
54 80
54 90
54 91
55 56
55 58
55 65
55 69
55 75
56 64
56 76
56 83
56 86
56 89
56 96
56 97
57 67
57 70
57 82
57 86
57 93
57 96
58 81
58 94
58 99
59 60
59 63
59 69
59 73
59 76
59 82
59 86
59 88
60 62
60 65
60 66
60 73
60 77
60 78
60 90
61 66
61 88
61 91
61 94
61 98
62 63
62 64
62 66
62 75
62 82
62 84
63 78
63 96
64 66
64 67
64 70
64 73
64 81
64 99
65 66
65 78
65 82
65 90
65 93
65 99
66 74
66 81
66 84
66 88
67 71
67 75
67 77
67 79
67 90
68 83
68 88
68 91
68 95
68 98
69 81
69 84
69 87
69 95
69 96
70 79
70 83
70 84
70 87
70 89
70 96
70 97
70 98
71 79
71 80
71 89
71 94
72 75
72 77
72 85
72 89
72 92
73 82
74 83
74 98
75 83
75 84
75 87
75 88
75 91
76 79
76 80
76 88
76 93
77 79
77 84
77 88
77 90
77 96
77 97
78 83
78 90
78 91
78 98
79 90
79 93
79 98
79 99
80 87
80 92
80 93
80 94
81 86
81 96
82 84
82 88
82 94
83 85
83 87
83 88
85 86
85 95
86 88
86 99
88 96
89 98
90 95
92 93
92 97
92 99
93 99
94 97
96 97
