100 800 0.16161616161616163 16 16
0 4
0 6
0 26
0 45
0 46
0 57
0 59
0 64
0 65
0 71
0 80
0 87
0 93
0 95
0 98
0 99
1 4
1 9
1 11
1 17
1 24
1 37
1 39
1 47
1 52
1 58
1 60
1 75
1 79
1 87
1 93
1 95
2 7
2 9
2 12
2 16
2 21
2 26
2 34
2 36
2 49
2 59
2 65
2 71
2 82
2 88
2 96
2 97
3 4
3 6
3 7
3 11
3 25
3 48
3 49
3 50
3 51
3 53
3 54
3 61
3 82
3 83
3 84
3 88
4 10
4 13
4 14
4 24
4 27
4 31
4 35
4 45
4 46
4 48
4 81
4 83
4 97
5 8
5 27
5 28
5 38
5 40
5 42
5 48
5 53
5 57
5 66
5 69
5 72
5 78
5 90
5 93
5 98
6 39
6 51
6 56
6 63
6 66
6 73
6 74
6 76
6 81
6 86
6 87
6 90
6 92
6 95
7 8
7 10
7 18
7 28
7 32
7 35
7 48
7 53
7 67
7 70
7 71
7 75
7 97
7 99
8 13
8 25
8 28
8 29
8 30
8 34
8 43
8 55
8 63
8 66
8 79
8 93
8 96
8 97
9 19
9 21
9 23
9 27
9 29
9 50
9 55
9 56
9 60
9 67
9 71
9 76
9 78
9 84
10 13
10 23
10 25
10 35
10 39
10 56
10 60
10 68
10 71
10 74
10 79
10 81
10 91
10 94
11 18
11 24
11 29
11 31
11 33
11 38
11 43
11 54
11 55
11 68
11 73
11 77
11 83
11 97
12 29
12 31
12 38
12 45
12 46
12 49
12 58
12 60
12 71
12 79
12 82
12 85
12 88
12 90
12 94
13 22
13 25
13 35
13 43
13 47
13 57
13 58
13 66
13 69
13 83
13 90
13 92
13 94
14 16
14 22
14 23
14 33
14 38
14 39
14 51
14 57
14 61
14 63
14 71
14 74
14 79
14 82
14 98
15 19
15 38
15 42
15 50
15 51
15 53
15 56
15 77
15 83
15 86
15 88
15 90
15 91
15 92
15 93
15 96
16 22
16 25
16 26
16 37
16 44
16 45
16 55
16 69
16 72
16 73
16 75
16 81
16 82
16 92
17 20
17 24
17 26
17 28
17 32
17 37
17 41
17 47
17 56
17 57
17 58
17 73
17 88
17 90
17 97
18 27
18 32
18 43
18 52
18 55
18 59
18 69
18 71
18 75
18 78
18 80
18 92
18 94
18 98
19 20
19 23
19 24
19 26
19 35
19 36
19 43
19 55
19 61
19 62
19 73
19 78
19 80
19 89
20 21
20 26
20 35
20 44
20 52
20 60
20 63
20 68
20 73
20 77
20 79
20 87
20 88
20 90
21 32
21 37
21 41
21 46
21 49
21 50
21 51
21 58
21 63
21 70
21 79
21 80
21 96
22 30
22 32
22 36
22 45
22 52
22 55
22 64
22 68
22 74
22 77
22 78
22 87
22 98
23 31
23 33
23 41
23 48
23 53
23 56
23 61
23 69
23 72
23 87
23 95
23 96
24 29
24 31
24 38
24 55
24 58
24 61
24 64
24 91
24 92
24 97
24 98
25 31
25 38
25 44
25 48
25 61
25 63
25 68
25 71
25 74
25 75
25 95
26 30
26 35
26 40
26 44
26 46
26 47
26 53
26 62
26 76
26 93
27 39
27 47
27 48
27 50
27 52
27 57
27 58
27 64
27 69
27 79
27 89
27 95
28 32
28 47
28 56
28 62
28 66
28 70
28 71
28 75
28 86
28 90
28 95
28 97
29 34
29 41
29 42
29 50
29 53
29 72
29 74
29 80
29 84
29 85
29 88
30 32
30 33
30 39
30 40
30 48
30 51
30 52
30 55
30 62
30 74
30 80
30 86
30 95
31 32
31 49
31 52
31 57
31 60
31 61
31 62
31 70
31 91
31 95
32 37
32 44
32 45
32 63
32 68
32 75
32 83
32 89
33 41
33 46
33 47
33 59
33 61
33 66
33 73
33 76
33 84
33 88
33 91
33 94
34 44
34 48
34 53
34 56
34 57
34 61
34 62
34 67
34 68
34 76
34 82
34 88
34 92
35 37
35 42
35 52
35 59
35 68
35 74
35 82
35 83
35 97
36 40
36 45
36 53
36 55
36 58
36 60
36 63
36 65
36 72
36 74
36 80
36 82
36 98
37 39
37 40
37 50
37 60
37 63
37 64
37 75
37 78
37 85
37 93
38 40
38 43
38 47
38 55
38 60
38 67
38 85
38 92
38 95
39 44
39 63
39 65
39 69
39 70
39 85
39 87
39 91
39 93
40 58
40 60
40 70
40 77
40 79
40 80
40 82
40 83
40 89
40 97
41 43
41 53
41 58
41 65
41 72
41 78
41 80
41 81
41 82
41 85
41 96
42 46
42 51
42 52
42 62
42 63
42 66
42 71
42 88
42 89
42 96
42 97
42 99
43 45
43 50
43 56
43 75
43 81
43 83
43 84
43 85
43 98
44 47
44 52
44 55
44 56
44 62
44 69
44 73
44 81
44 86
45 48
45 62
45 63
45 67
45 70
45 71
45 95
45 99
46 48
46 54
46 62
46 72
46 74
46 76
46 84
46 90
46 93
47 49
47 54
47 67
47 75
47 80
47 94
47 96
48 77
48 80
48 86
48 89
48 98
49 52
49 60
49 62
49 64
49 72
49 76
49 85
49 90
49 91
49 98
50 56
50 60
50 66
50 76
50 81
50 82
50 87
50 96
51 54
51 68
51 71
51 78
51 81
51 83
51 91
51 94
51 97
52 70
52 76
52 78
52 86
52 96
53 58
53 61
53 69
53 86
53 87
53 89
54 61
54 65
54 66
54 69
54 73
54 81
54 83
54 85
54 92
54 94
54 98
55 71
55 86
55 93
55 95
56 57
56 58
56 64
56 70
56 99
57 59
57 61
57 65
57 67
57 86
57 96
57 99
58 65
58 74
58 80
58 98
59 62
59 64
59 67
59 68
59 70
59 74
59 77
59 84
59 89
59 91
60 77
60 78
60 90
60 99
61 66
61 68
61 96
61 99
62 64
62 70
62 80
62 96
63 65
63 68
63 77
63 78
64 67
64 70
64 74
64 76
64 87
64 91
64 92
65 66
65 70
65 82
65 85
65 87
65 88
65 94
66 70
66 72
66 79
66 86
66 99
67 72
67 77
67 82
67 87
67 88
67 91
67 94
68 77
68 84
68 87
68 97
69 72
69 73
69 76
69 81
69 89
69 95
70 82
70 94
71 85
71 94
72 76
72 77
72 79
72 86
72 95
73 75
73 76
73 85
73 88
73 98
73 99
74 87
74 96
74 99
75 77
75 78
75 79
75 84
75 90
76 83
76 89
76 95
77 83
77 84
77 99
78 81
78 85
78 97
78 98
79 86
79 88
79 92
79 94
80 91
80 93
80 94
81 84
81 90
81 93
81 94
82 92
82 97
83 84
83 90
83 99
84 86
84 87
84 89
84 98
85 88
85 90
85 92
86 91
86 99
87 89
88 92
89 92
89 93
89 96
89 98
90 91
91 94
91 95
92 93
93 97
93 99
96 99
