100 850 0.1717171717171717 17 17
0 7
0 27
0 36
0 39
0 41
0 47
0 48
0 53
0 54
0 58
0 62
0 80
0 81
0 83
0 96
0 98
0 99
1 10
1 24
1 29
1 39
1 45
1 46
1 47
1 51
1 55
1 56
1 62
1 64
1 66
1 69
1 70
1 92
1 99
2 10
2 22
2 26
2 30
2 47
2 52
2 55
2 60
2 63
2 68
2 69
2 73
2 78
2 81
2 90
2 91
2 92
3 19
3 23
3 28
3 30
3 41
3 53
3 55
3 58
3 61
3 64
3 66
3 70
3 72
3 73
3 74
3 98
3 99
4 5
4 16
4 18
4 20
4 29
4 34
4 38
4 54
4 57
4 62
4 65
4 68
4 77
4 81
4 86
4 87
4 91
5 12
5 13
5 19
5 21
5 40
5 42
5 52
5 61
5 67
5 71
5 73
5 78
5 87
5 88
5 97
5 98
6 7
6 11
6 12
6 23
6 34
6 37
6 41
6 47
6 51
6 54
6 56
6 61
6 65
6 70
6 74
6 76
6 90
7 9
7 13
7 16
7 18
7 21
7 22
7 23
7 32
7 39
7 42
7 44
7 70
7 84
7 85
7 97
8 16
8 22
8 33
8 37
8 38
8 48
8 49
8 51
8 57
8 69
8 72
8 76
8 80
8 83
8 91
8 96
8 97
9 14
9 15
9 23
9 29
9 32
9 34
9 35
9 37
9 44
9 51
9 78
9 81
9 89
9 90
9 92
9 95
10 11
10 13
10 26
10 29
10 32
10 37
10 45
10 47
10 48
10 58
10 66
10 67
10 89
10 96
10 99
11 14
11 15
11 27
11 28
11 36
11 39
11 40
11 52
11 58
11 59
11 75
11 90
11 93
11 94
11 95
12 13
12 19
12 24
12 27
12 35
12 38
12 42
12 64
12 71
12 74
12 79
12 80
12 89
12 91
12 94
13 26
13 43
13 44
13 46
13 51
13 62
13 68
13 69
13 77
13 87
13 90
13 96
13 97
14 15
14 21
14 24
14 27
14 28
14 34
14 39
14 44
14 48
14 51
14 62
14 70
14 83
14 96
14 98
15 17
15 22
15 23
15 26
15 28
15 31
15 39
15 53
15 55
15 57
15 74
15 93
15 95
15 96
16 20
16 36
16 43
16 52
16 55
16 56
16 58
16 59
16 60
16 80
16 81
16 82
16 91
16 95
17 20
17 22
17 30
17 33
17 44
17 49
17 52
17 56
17 67
17 68
17 73
17 80
17 84
17 86
17 90
17 99
18 20
18 26
18 38
18 40
18 47
18 49
18 55
18 62
18 65
18 67
18 71
18 78
18 79
18 85
18 92
19 20
19 21
19 27
19 28
19 36
19 39
19 42
19 44
19 57
19 64
19 67
19 74
19 82
19 89
20 23
20 32
20 33
20 41
20 42
20 43
20 55
20 62
20 72
20 80
20 87
20 98
21 22
21 23
21 26
21 40
21 46
21 50
21 55
21 64
21 71
21 75
21 83
21 86
21 96
22 25
22 33
22 35
22 38
22 51
22 56
22 66
22 68
22 77
22 79
22 80
23 24
23 25
23 33
23 44
23 45
23 63
23 65
23 67
23 90
23 97
24 27
24 30
24 35
24 37
24 51
24 63
24 72
24 73
24 75
24 80
24 92
24 94
24 95
25 32
25 33
25 47
25 56
25 57
25 61
25 64
25 68
25 74
25 75
25 76
25 79
25 93
25 94
25 97
26 30
26 43
26 49
26 56
26 59
26 68
26 72
26 76
26 78
26 82
26 84
27 28
27 34
27 38
27 43
27 45
27 48
27 67
27 75
27 88
27 89
27 98
28 43
28 46
28 50
28 58
28 65
28 66
28 69
28 70
28 72
28 76
28 85
29 31
29 37
29 52
29 53
29 54
29 57
29 60
29 63
29 66
29 69
29 71
29 83
29 84
30 35
30 45
30 54
30 57
30 73
30 75
30 78
30 79
30 85
30 87
30 89
30 92
31 40
31 45
31 53
31 55
31 56
31 59
31 61
31 63
31 68
31 73
31 74
31 81
31 86
31 92
31 98
32 33
32 35
32 39
32 43
32 55
32 57
32 63
32 67
32 69
32 89
32 94
32 97
33 42
33 48
33 66
33 71
33 76
33 78
33 86
33 90
33 98
33 99
34 42
34 45
34 54
34 57
34 64
34 65
34 72
34 81
34 83
34 92
34 93
34 99
35 36
35 39
35 41
35 47
35 53
35 62
35 65
35 73
35 88
35 93
35 94
36 54
36 59
36 64
36 67
36 71
36 75
36 77
36 83
36 89
36 92
36 97
36 99
37 41
37 46
37 64
37 68
37 78
37 80
37 82
37 85
37 86
37 87
37 88
38 52
38 54
38 60
38 61
38 62
38 63
38 82
38 85
38 86
38 88
38 92
39 52
39 53
39 58
39 65
39 81
39 83
39 87
39 89
40 42
40 44
40 50
40 58
40 71
40 76
40 82
40 83
40 84
40 87
40 93
40 95
41 43
41 44
41 51
41 58
41 60
41 61
41 70
41 71
41 78
41 79
41 90
42 49
42 54
42 63
42 67
42 70
42 80
42 82
42 87
42 99
43 46
43 49
43 62
43 64
43 72
43 79
43 81
43 83
43 84
44 49
44 52
44 60
44 74
44 75
44 77
44 83
44 84
45 50
45 56
45 57
45 59
45 64
45 70
45 74
45 78
45 79
45 94
46 53
46 59
46 64
46 69
46 75
46 76
46 82
46 84
46 87
46 92
46 99
47 54
47 57
47 59
47 60
47 75
47 78
47 85
47 97
47 99
48 50
48 51
48 56
48 69
48 70
48 72
48 73
48 77
48 85
48 86
48 91
49 50
49 52
49 53
49 61
49 70
49 71
49 72
49 84
49 85
49 86
50 51
50 57
50 61
50 68
50 77
50 78
50 79
50 81
50 84
50 88
50 95
51 54
51 56
51 75
51 79
51 93
51 97
52 58
52 64
52 68
52 73
52 83
52 91
52 99
53 59
53 64
53 65
53 70
53 84
53 85
53 86
53 90
54 58
54 63
54 66
54 75
54 95
54 96
55 57
55 58
55 88
55 89
55 90
55 91
55 98
56 65
56 70
56 76
56 85
56 86
56 95
57 61
57 62
57 68
57 97
58 77
58 78
58 88
58 92
58 93
59 60
59 72
59 76
59 81
59 87
59 94
59 95
59 98
60 68
60 78
60 79
60 82
60 87
60 89
60 91
60 93
60 99
61 62
61 65
61 69
61 71
61 72
61 87
61 88
62 65
62 83
62 88
62 91
62 94
63 65
63 67
63 70
63 75
63 77
63 94
63 96
63 99
64 65
64 75
64 92
65 72
65 78
65 91
66 70
66 73
66 77
66 82
66 83
66 87
66 90
66 95
66 98
67 73
67 80
67 89
67 91
67 97
67 98
68 69
68 76
68 77
68 99
69 71
69 80
69 86
69 89
69 90
69 98
70 80
70 88
71 73
71 80
71 84
71 87
71 88
72 84
72 87
72 93
72 97
73 77
73 81
73 93
73 95
74 77
74 78
74 80
74 82
74 87
74 88
74 95
74 96
75 76
75 77
75 80
76 82
76 84
76 88
76 91
76 93
77 82
77 85
77 99
78 90
79 80
79 86
79 90
79 91
79 93
79 95
81 85
81 86
81 88
81 92
81 98
82 90
82 91
82 95
82 96
83 88
83 92
83 94
84 85
84 93
84 94
85 91
85 94
85 96
86 92
86 96
86 98
88 97
89 91
89 93
89 94
89 99
90 94
92 96
93 96
93 97
94 95
94 96
95 97
96 98
97 98
