100 900 0.18181818181818182 18 18
0 8
0 20
0 30
0 34
0 38
0 39
0 42
0 55
0 58
0 59
0 70
0 72
0 73
0 78
0 81
0 84
0 91
0 92
1 2
1 10
1 11
1 15
1 16
1 25
1 29
1 32
1 48
1 51
1 57
1 65
1 72
1 77
1 78
1 86
1 90
1 95
2 4
2 6
2 11
2 12
2 23
2 25
2 31
2 32
2 39
2 41
2 47
2 50
2 55
2 63
2 77
2 83
2 86
3 6
3 18
3 30
3 33
3 34
3 43
3 56
3 67
3 68
3 70
3 71
3 72
3 82
3 84
3 88
3 92
3 96
3 99
4 7
4 9
4 33
4 34
4 35
4 36
4 38
4 41
4 42
4 50
4 56
4 57
4 59
4 62
4 63
4 72
4 82
5 8
5 13
5 24
5 27
5 29
5 44
5 48
5 50
5 51
5 56
5 58
5 71
5 72
5 87
5 89
5 95
5 97
5 99
6 13
6 19
6 20
6 22
6 31
6 33
6 35
6 38
6 47
6 58
6 67
6 68
6 81
6 83
6 86
6 90
7 23
7 24
7 29
7 30
7 31
7 35
7 37
7 45
7 46
7 48
7 53
7 58
7 62
7 65
7 92
7 95
7 99
8 10
8 15
8 20
8 23
8 29
8 31
8 38
8 45
8 46
8 66
8 68
8 70
8 71
8 83
8 90
8 99
9 13
9 17
9 19
9 21
9 23
9 27
9 34
9 36
9 60
9 61
9 64
9 68
9 70
9 75
9 79
9 83
9 85
10 12
10 18
10 19
10 36
10 39
10 44
10 46
10 47
10 49
10 55
10 57
10 66
10 69
10 88
10 89
10 90
11 17
11 31
11 41
11 53
11 60
11 61
11 62
11 66
11 75
11 79
11 81
11 87
11 88
11 93
11 95
11 98
12 13
12 19
12 25
12 27
12 30
12 33
12 36
12 38
12 46
12 51
12 57
12 62
12 63
12 71
12 80
12 94
13 15
13 32
13 43
13 58
13 64
13 69
13 73
13 74
13 81
13 83
13 84
13 88
13 90
13 92
14 23
14 27
14 38
14 43
14 45
14 56
14 59
14 64
14 66
14 67
14 68
14 79
14 81
14 82
14 86
14 95
14 96
14 97
15 17
15 32
15 36
15 42
15 43
15 47
15 49
15 57
15 59
15 69
15 76
15 80
15 82
15 90
15 91
16 17
16 19
16 22
16 25
16 31
16 32
16 38
16 50
16 54
16 55
16 56
16 69
16 75
16 78
16 79
16 91
16 94
17 18
17 23
17 36
17 37
17 39
17 46
17 50
17 62
17 65
17 71
17 74
17 79
17 82
17 96
18 20
18 28
18 33
18 40
18 41
18 42
18 46
18 48
18 56
18 70
18 78
18 79
18 83
18 92
18 97
19 29
19 37
19 43
19 47
19 53
19 67
19 71
19 72
19 74
19 77
19 85
19 86
19 98
20 21
20 24
20 28
20 29
20 32
20 39
20 44
20 48
20 58
20 67
20 77
20 84
20 88
20 97
21 24
21 33
21 35
21 41
21 43
21 48
21 50
21 52
21 61
21 72
21 77
21 85
21 87
21 93
21 94
21 99
22 23
22 27
22 30
22 35
22 39
22 42
22 43
22 49
22 53
22 55
22 61
22 67
22 89
22 93
22 94
22 99
23 28
23 31
23 36
23 50
23 55
23 66
23 72
23 85
23 94
23 96
23 98
24 29
24 31
24 35
24 47
24 67
24 70
24 72
24 73
24 77
24 80
24 82
24 84
24 95
24 99
25 40
25 52
25 65
25 67
25 69
25 72
25 78
25 82
25 83
25 84
25 88
25 90
25 93
25 99
26 27
26 31
26 33
26 36
26 38
26 45
26 51
26 52
26 54
26 57
26 73
26 76
26 83
26 85
26 90
26 92
26 96
26 97
27 36
27 47
27 50
27 66
27 69
27 71
27 77
27 84
27 85
27 87
27 89
27 98
28 32
28 33
28 40
28 41
28 51
28 55
28 58
28 59
28 63
28 68
28 72
28 78
28 83
28 89
28 90
29 31
29 38
29 44
29 45
29 47
29 49
29 53
29 74
29 76
29 95
29 98
30 31
30 37
30 40
30 44
30 48
30 52
30 55
30 60
30 62
30 64
30 68
30 82
30 93
31 34
31 38
31 46
31 47
31 49
31 60
31 85
32 37
32 44
32 52
32 53
32 54
32 65
32 66
32 72
32 78
32 85
32 93
33 38
33 53
33 54
33 58
33 62
33 70
33 75
33 81
33 85
33 99
34 35
34 37
34 38
34 49
34 52
34 54
34 61
34 66
34 70
34 74
34 76
34 77
34 94
35 40
35 52
35 54
35 66
35 68
35 71
35 73
35 74
35 90
35 95
35 98
36 44
36 46
36 52
36 66
36 69
36 70
36 71
36 89
36 94
37 39
37 40
37 45
37 48
37 52
37 54
37 55
37 58
37 80
37 87
37 96
37 99
38 40
38 81
38 92
38 94
38 96
38 97
39 58
39 59
39 61
39 63
39 71
39 73
39 75
39 78
39 82
39 87
39 93
40 48
40 52
40 56
40 63
40 64
40 66
40 69
40 84
40 89
40 91
40 95
41 42
41 48
41 61
41 63
41 70
41 71
41 75
41 78
41 87
41 91
41 93
41 99
42 55
42 59
42 62
42 66
42 68
42 70
42 83
42 84
42 85
42 92
42 95
42 97
43 49
43 58
43 61
43 74
43 80
43 81
43 83
43 85
43 86
43 93
43 96
44 46
44 48
44 57
44 64
44 81
44 86
44 90
44 91
44 93
44 94
44 97
45 51
45 56
45 59
45 65
45 73
45 74
45 80
45 83
45 85
45 91
45 94
45 99
46 54
46 59
46 61
46 63
46 66
46 75
46 78
46 82
46 85
47 49
47 55
47 67
47 71
47 73
47 74
47 88
47 90
47 93
48 64
48 66
48 78
48 81
48 82
48 86
48 91
49 55
49 65
49 69
49 72
49 73
49 75
49 78
49 91
49 94
49 95
50 51
50 56
50 59
50 65
50 76
50 84
50 85
50 89
50 92
50 98
51 53
51 59
51 61
51 62
51 63
51 69
51 80
51 83
51 90
51 96
51 98
52 60
52 61
52 62
52 75
52 79
52 91
52 94
52 97
53 57
53 59
53 60
53 65
53 67
53 68
53 73
53 76
53 77
53 81
54 56
54 58
54 60
54 67
54 68
54 75
54 77
54 88
54 97
54 98
55 60
55 68
55 73
55 77
55 89
55 99
56 64
56 78
56 83
56 84
56 90
56 93
56 95
56 98
57 59
57 61
57 63
57 67
57 71
57 76
57 77
57 79
57 89
57 91
58 63
58 65
58 67
58 71
58 81
58 94
59 75
59 79
59 87
59 90
59 99
60 64
60 69
60 70
60 71
60 74
60 87
60 91
60 92
60 95
60 98
61 63
61 67
61 73
61 82
61 86
61 94
62 69
62 70
62 75
62 76
62 79
62 89
62 91
62 96
63 71
63 72
63 83
63 88
63 92
63 97
64 65
64 66
64 78
64 81
64 85
64 86
64 89
64 93
64 95
65 70
65 77
65 82
65 83
65 87
65 94
65 97
66 76
66 84
66 99
67 86
67 95
67 97
67 98
68 70
68 73
68 80
68 87
68 92
68 96
69 73
69 74
69 85
69 93
69 96
69 98
70 79
70 87
70 91
71 79
71 86
72 75
72 84
72 95
72 98
73 76
73 80
73 86
73 88
74 75
74 79
74 82
74 88
74 95
74 96
74 97
75 85
75 86
75 89
75 92
76 77
76 78
76 80
76 82
76 88
76 89
76 91
76 98
77 80
77 81
77 82
77 88
78 80
78 89
78 93
79 84
79 87
79 96
79 97
79 98
80 81
80 86
80 88
80 90
80 92
80 97
81 90
81 96
81 99
82 86
82 91
83 88
83 92
84 88
84 89
84 94
84 98
85 94
86 87
86 90
87 91
87 94
87 97
87 99
88 92
88 93
89 93
89 97
91 96
92 96
92 98
93 95
96 99
