100 950 0.1919191919191919 19 19
0 6
0 15
0 20
0 25
0 29
0 38
0 50
0 54
0 57
0 68
0 70
0 74
0 75
0 78
0 83
0 90
0 92
0 93
0 95
1 2
1 4
1 19
1 20
1 26
1 31
1 43
1 45
1 47
1 52
1 53
1 54
1 62
1 68
1 69
1 72
1 74
1 82
1 99
2 3
2 22
2 23
2 24
2 34
2 42
2 43
2 48
2 52
2 56
2 59
2 65
2 71
2 72
2 80
2 86
2 90
2 95
3 8
3 10
3 14
3 25
3 31
3 34
3 39
3 49
3 50
3 51
3 63
3 64
3 69
3 72
3 78
3 81
3 94
3 98
4 11
4 12
4 14
4 16
4 17
4 19
4 22
4 29
4 33
4 40
4 46
4 72
4 81
4 84
4 87
4 95
4 97
4 99
5 13
5 14
5 21
5 25
5 32
5 33
5 34
5 43
5 44
5 48
5 53
5 60
5 61
5 67
5 68
5 84
5 93
5 96
5 97
6 7
6 18
6 24
6 25
6 35
6 47
6 49
6 52
6 53
6 54
6 56
6 59
6 64
6 78
6 85
6 89
6 91
6 98
7 13
7 18
7 20
7 22
7 28
7 30
7 34
7 36
7 46
7 54
7 55
7 58
7 77
7 82
7 88
7 91
7 94
7 98
8 13
8 17
8 38
8 43
8 45
8 48
8 55
8 57
8 60
8 62
8 64
8 71
8 81
8 87
8 89
8 91
8 97
8 98
9 11
9 18
9 29
9 38
9 41
9 46
9 52
9 53
9 54
9 56
9 62
9 63
9 68
9 73
9 79
9 86
9 91
9 95
9 99
10 13
10 16
10 26
10 34
10 36
10 39
10 41
10 43
10 48
10 55
10 61
10 70
10 73
10 87
10 88
10 89
10 94
10 98
11 12
11 15
11 18
11 20
11 25
11 26
11 32
11 36
11 41
11 44
11 57
11 59
11 66
11 83
11 85
11 86
11 94
12 26
12 35
12 41
12 43
12 44
12 49
12 51
12 52
12 57
12 61
12 63
12 67
12 77
12 84
12 87
12 89
12 91
13 18
13 31
13 42
13 46
13 55
13 56
13 58
13 61
13 64
13 77
13 82
13 85
13 86
13 89
13 93
14 22
14 30
14 35
14 38
14 40
14 41
14 50
14 55
14 66
14 71
14 72
14 78
14 80
14 85
14 92
14 93
15 17
15 18
15 23
15 24
15 29
15 37
15 45
15 49
15 61
15 64
15 68
15 70
15 71
15 74
15 85
15 88
15 98
16 23
16 33
16 36
16 49
16 51
16 56
16 60
16 63
16 69
16 72
16 74
16 79
16 83
16 90
16 92
16 95
16 98
17 28
17 30
17 31
17 33
17 35
17 36
17 65
17 66
17 69
17 71
17 72
17 74
17 79
17 82
17 87
17 94
18 19
18 25
18 26
18 46
18 47
18 53
18 66
18 84
18 87
18 90
18 92
18 95
18 96
19 20
19 21
19 32
19 33
19 37
19 39
19 42
19 52
19 53
19 64
19 70
19 74
19 76
19 81
19 88
19 96
20 22
20 23
20 25
20 26
20 33
20 56
20 63
20 69
20 73
20 76
20 80
20 82
20 86
20 93
21 26
21 28
21 34
21 35
21 39
21 44
21 48
21 57
21 59
21 60
21 65
21 72
21 76
21 82
21 83
21 94
21 99
22 25
22 29
22 31
22 40
22 42
22 57
22 63
22 64
22 66
22 75
22 82
22 84
22 87
22 89
23 28
23 32
23 35
23 37
23 42
23 50
23 57
23 64
23 67
23 88
23 93
23 94
23 95
23 96
23 97
24 33
24 35
24 36
24 39
24 40
24 44
24 64
24 69
24 70
24 71
24 76
24 83
24 87
24 89
24 91
24 99
25 30
25 35
25 42
25 48
25 72
25 73
25 81
25 82
25 91
25 97
25 98
26 28
26 37
26 38
26 44
26 63
26 64
26 76
26 78
26 81
26 83
26 88
26 98
27 41
27 42
27 44
27 46
27 52
27 55
27 56
27 57
27 58
27 61
27 63
27 65
27 66
27 67
27 75
27 77
27 78
27 89
27 93
28 32
28 33
28 35
28 37
28 41
28 45
28 46
28 47
28 48
28 62
28 80
28 81
28 85
28 97
29 48
29 50
29 51
29 52
29 59
29 62
29 63
29 70
29 74
29 75
29 78
29 82
29 86
29 99
30 32
30 35
30 39
30 45
30 49
30 58
30 60
30 62
30 64
30 75
30 77
30 81
30 89
30 96
30 97
31 37
31 38
31 40
31 42
31 43
31 59
31 62
31 65
31 72
31 79
31 83
31 85
31 89
31 92
32 36
32 43
32 61
32 62
32 67
32 71
32 72
32 80
32 88
32 92
32 94
32 95
32 98
33 43
33 47
33 51
33 55
33 58
33 68
33 70
33 89
33 94
33 95
33 99
34 45
34 52
34 55
34 60
34 62
34 73
34 76
34 77
34 81
34 83
34 86
34 94
34 96
35 38
35 43
35 44
35 45
35 53
35 57
35 58
35 62
35 94
36 39
36 43
36 48
36 50
36 62
36 66
36 68
36 74
36 76
36 79
36 80
36 86
37 39
37 40
37 43
37 51
37 54
37 58
37 61
37 63
37 74
37 75
37 77
37 92
37 96
38 50
38 51
38 56
38 63
38 68
38 69
38 77
38 85
38 88
38 93
38 94
38 95
39 48
39 55
39 57
39 60
39 63
39 75
39 77
39 79
39 90
39 93
39 97
40 41
40 45
40 46
40 62
40 65
40 67
40 75
40 77
40 79
40 83
40 90
40 91
40 92
41 45
41 50
41 51
41 71
41 73
41 81
41 83
41 84
41 88
41 90
41 91
42 43
42 44
42 46
42 52
42 53
42 60
42 61
42 67
42 71
42 75
42 84
43 47
43 53
43 54
43 56
43 66
43 78
44 51
44 52
44 54
44 62
44 66
44 69
44 71
44 76
44 80
44 99
45 46
45 63
45 65
45 66
45 71
45 76
45 77
45 83
45 85
45 93
46 61
46 67
46 73
46 78
46 86
46 87
46 88
46 92
46 94
47 50
47 55
47 58
47 60
47 65
47 69
47 70
47 80
47 85
47 91
47 92
47 97
47 99
48 50
48 54
48 59
48 66
48 75
48 80
48 86
48 88
48 93
49 52
49 65
49 67
49 71
49 75
49 76
49 77
49 81
49 82
49 87
49 88
49 90
49 95
50 56
50 59
50 62
50 68
50 71
50 83
50 84
50 87
50 93
51 59
51 64
51 71
51 81
51 85
51 90
51 92
51 96
51 97
51 99
52 60
52 63
52 73
52 74
52 79
52 85
52 97
53 55
53 61
53 64
53 65
53 69
53 72
53 73
53 74
53 79
53 87
54 56
54 58
54 61
54 78
54 82
54 87
54 88
54 93
54 95
54 98
55 62
55 65
55 73
55 74
55 76
55 87
55 95
55 98
56 59
56 65
56 68
56 69
56 72
56 76
56 83
56 90
57 65
57 77
57 79
57 83
57 84
57 88
57 91
57 96
57 99
58 62
58 67
58 70
58 75
58 76
58 80
58 91
58 93
58 94
58 97
59 64
59 65
59 68
59 76
59 78
59 80
59 83
59 84
59 97
60 64
60 68
60 69
60 74
60 75
60 81
60 86
60 92
60 97
61 65
61 81
61 82
61 83
61 86
61 91
61 96
62 80
62 86
62 95
63 67
63 78
63 84
63 90
63 99
64 85
64 95
64 96
64 99
65 67
65 74
65 84
65 90
66 79
66 80
66 82
66 84
66 85
66 92
66 98
66 99
67 73
67 74
67 80
67 84
67 89
67 90
67 99
68 81
68 84
68 89
68 92
68 94
68 96
68 98
69 70
69 72
69 74
69 77
69 78
69 87
69 96
70 75
70 76
70 77
70 79
70 82
70 86
70 87
70 89
70 96
71 73
71 76
71 81
71 89
71 93
72 79
72 82
72 88
72 89
72 93
73 84
73 85
73 91
73 93
73 94
73 95
73 97
74 86
74 88
74 98
75 78
75 79
75 91
75 92
75 97
76 77
76 87
76 96
77 80
77 84
77 85
78 79
78 83
78 86
78 88
78 97
79 90
79 92
79 94
79 97
80 83
80 87
80 92
80 93
81 90
81 94
81 98
82 86
82 88
82 90
82 91
83 96
84 85
84 91
85 94
85 99
86 87
86 91
88 89
89 90
89 99
90 95
90 96
91 99
92 95
92 98
93 96
95 96
97 98
98 99
