100 1000 0.20202020202020202 20 20
0 6
0 8
0 13
0 17
0 18
0 26
0 30
0 33
0 35
0 43
0 45
0 46
0 53
0 66
0 78
0 81
0 82
0 91
0 94
0 98
1 4
1 5
1 6
1 7
1 14
1 32
1 33
1 44
1 46
1 50
1 54
1 55
1 63
1 70
1 81
1 82
1 84
1 87
1 92
1 95
2 5
2 8
2 9
2 11
2 12
2 21
2 22
2 25
2 31
2 35
2 41
2 43
2 49
2 50
2 58
2 60
2 64
2 68
2 74
2 97
3 7
3 10
3 11
3 18
3 23
3 31
3 46
3 65
3 66
3 70
3 71
3 75
3 77
3 81
3 88
3 90
3 94
3 95
3 97
3 98
4 8
4 11
4 14
4 23
4 27
4 30
4 32
4 34
4 35
4 36
4 40
4 58
4 59
4 63
4 64
4 68
4 77
4 88
4 93
5 6
5 13
5 21
5 24
5 28
5 34
5 38
5 42
5 50
5 55
5 68
5 69
5 77
5 80
5 81
5 86
5 89
5 97
6 11
6 16
6 18
6 21
6 26
6 28
6 42
6 47
6 60
6 62
6 64
6 70
6 75
6 79
6 83
6 90
6 97
7 13
7 14
7 22
7 25
7 28
7 31
7 54
7 66
7 67
7 68
7 72
7 73
7 76
7 79
7 82
7 89
7 92
7 99
8 10
8 16
8 19
8 20
8 30
8 37
8 45
8 51
8 52
8 53
8 60
8 64
8 79
8 83
8 94
8 95
8 96
9 22
9 26
9 29
9 34
9 44
9 47
9 48
9 56
9 59
9 63
9 68
9 72
9 73
9 74
9 75
9 77
9 80
9 92
9 93
10 14
10 21
10 26
10 28
10 31
10 35
10 38
10 41
10 48
10 53
10 55
10 58
10 68
10 75
10 85
10 88
10 96
10 98
11 16
11 27
11 28
11 35
11 37
11 40
11 44
11 49
11 58
11 60
11 67
11 73
11 78
11 80
11 90
11 91
12 18
12 22
12 28
12 39
12 41
12 46
12 53
12 58
12 60
12 63
12 64
12 72
12 73
12 76
12 83
12 84
12 85
12 89
12 98
13 14
13 15
13 18
13 22
13 32
13 36
13 43
13 48
13 49
13 50
13 56
13 63
13 67
13 74
13 95
13 96
13 97
14 15
14 22
14 23
14 35
14 48
14 49
14 56
14 65
14 70
14 76
14 79
14 82
14 83
14 85
14 99
15 29
15 38
15 48
15 51
15 52
15 54
15 56
15 59
15 61
15 82
15 83
15 85
15 89
15 90
15 92
15 94
15 96
15 98
16 18
16 22
16 36
16 40
16 42
16 50
16 53
16 57
16 61
16 62
16 67
16 72
16 75
16 81
16 84
16 85
16 95
17 19
17 21
17 23
17 24
17 25
17 28
17 32
17 34
17 39
17 41
17 43
17 47
17 48
17 56
17 60
17 65
17 68
17 88
17 96
18 23
18 26
18 38
18 39
18 40
18 52
18 53
18 54
18 74
18 75
18 90
18 91
18 93
18 99
19 20
19 27
19 28
19 32
19 34
19 35
19 36
19 43
19 45
19 50
19 54
19 57
19 62
19 70
19 83
19 91
19 92
19 95
20 22
20 29
20 34
20 39
20 45
20 48
20 50
20 57
20 60
20 61
20 71
20 73
20 84
20 87
20 94
20 95
20 97
20 99
21 29
21 31
21 34
21 40
21 41
21 43
21 47
21 49
21 53
21 75
21 78
21 85
21 94
21 97
21 98
22 38
22 58
22 59
22 67
22 70
22 72
22 77
22 78
22 82
22 83
22 88
22 99
23 24
23 34
23 35
23 37
23 44
23 49
23 57
23 71
23 73
23 75
23 78
23 81
23 93
23 96
23 97
24 31
24 35
24 39
24 48
24 56
24 59
24 64
24 71
24 72
24 76
24 78
24 80
24 82
24 83
24 86
24 93
24 96
25 32
25 42
25 43
25 44
25 47
25 65
25 68
25 73
25 74
25 75
25 77
25 80
25 81
25 87
25 91
25 96
25 99
26 28
26 31
26 37
26 41
26 42
26 48
26 51
26 55
26 66
26 81
26 85
26 87
26 91
26 93
26 97
27 29
27 33
27 34
27 35
27 47
27 50
27 52
27 53
27 62
27 69
27 74
27 76
27 78
27 83
27 89
27 93
27 94
28 36
28 42
28 47
28 51
28 53
28 62
28 73
28 74
28 84
28 91
28 92
29 33
29 38
29 45
29 53
29 64
29 67
29 68
29 69
29 73
29 76
29 79
29 83
29 84
29 91
29 93
30 35
30 37
30 38
30 44
30 48
30 53
30 57
30 62
30 63
30 66
30 67
30 73
30 79
30 88
30 93
30 97
30 99
31 41
31 46
31 58
31 60
31 67
31 68
31 72
31 76
31 83
31 91
31 94
31 96
31 98
32 36
32 37
32 42
32 50
32 53
32 55
32 57
32 65
32 66
32 67
32 76
32 78
32 87
32 89
33 37
33 42
33 46
33 50
33 51
33 52
33 56
33 57
33 61
33 62
33 63
33 64
33 78
33 87
33 90
33 95
34 36
34 37
34 46
34 64
34 65
34 66
34 67
34 69
34 77
34 78
34 80
35 62
35 68
35 77
35 85
35 86
35 87
35 89
35 95
35 96
36 45
36 49
36 50
36 54
36 58
36 59
36 69
36 74
36 82
36 84
36 86
36 89
36 90
37 40
37 47
37 52
37 70
37 72
37 74
37 79
37 83
37 84
37 91
37 93
37 99
38 44
38 47
38 54
38 56
38 67
38 68
38 69
38 71
38 73
38 85
38 87
38 88
38 94
39 40
39 42
39 46
39 51
39 59
39 62
39 63
39 64
39 74
39 79
39 80
39 82
39 85
39 90
39 97
40 43
40 46
40 47
40 51
40 56
40 65
40 66
40 67
40 71
40 74
40 85
40 93
40 95
41 44
41 48
41 52
41 61
41 62
41 65
41 75
41 81
41 82
41 87
41 94
41 95
41 97
42 48
42 66
42 71
42 77
42 81
42 89
42 91
42 94
42 95
42 96
42 98
43 49
43 52
43 58
43 66
43 67
43 69
43 76
43 81
43 91
43 93
43 94
43 98
44 49
44 52
44 61
44 62
44 65
44 70
44 72
44 73
44 82
44 86
44 89
44 92
45 46
45 47
45 51
45 54
45 57
45 60
45 65
45 67
45 71
45 73
45 80
45 87
45 91
45 94
46 60
46 61
46 63
46 66
46 68
46 74
46 79
46 87
46 98
46 99
47 48
47 51
47 57
47 78
47 79
47 80
47 84
47 86
47 94
48 53
48 66
48 73
48 79
48 80
48 82
48 84
49 50
49 52
49 60
49 64
49 75
49 76
49 77
49 86
49 92
49 96
49 97
50 65
50 71
50 75
50 78
50 86
50 88
50 90
50 91
51 53
51 56
51 58
51 61
51 68
51 79
51 83
51 84
51 87
51 90
51 95
52 58
52 59
52 71
52 74
52 77
52 80
52 81
52 94
52 97
52 99
53 55
53 68
53 81
53 88
53 91
53 92
54 63
54 64
54 74
54 77
54 82
54 86
54 87
54 88
54 92
54 95
54 96
54 98
55 61
55 62
55 63
55 64
55 66
55 69
55 74
55 75
55 76
55 77
55 80
55 83
55 90
55 98
56 70
56 71
56 73
56 75
56 79
56 81
56 85
56 86
56 88
56 96
57 59
57 68
57 69
57 71
57 73
57 77
57 85
57 87
57 88
57 90
57 92
58 61
58 71
58 76
58 80
58 83
58 86
58 89
58 94
58 98
59 66
59 69
59 72
59 76
59 77
59 78
59 83
59 84
59 85
59 86
59 92
60 63
60 67
60 81
60 83
60 84
60 89
60 95
60 97
60 98
61 65
61 67
61 70
61 78
61 86
61 87
61 88
61 90
61 92
61 97
62 65
62 67
62 68
62 70
62 72
62 81
62 87
62 99
63 64
63 67
63 70
63 76
63 77
63 88
63 90
63 99
64 70
64 72
64 76
64 77
64 80
64 91
65 69
65 75
65 86
65 88
65 89
65 94
65 95
66 75
66 76
66 83
66 85
66 88
66 98
67 81
67 93
68 69
68 77
68 83
69 70
69 74
69 75
69 76
69 82
69 89
69 96
69 99
70 72
70 75
70 89
70 93
70 95
70 96
71 79
71 80
71 82
71 84
71 87
71 94
71 99
72 78
72 80
72 81
72 84
72 89
72 91
72 93
73 75
73 80
73 97
73 99
74 76
74 82
74 84
74 99
75 76
76 93
77 82
77 92
78 82
78 86
78 91
78 96
78 97
79 80
79 81
79 87
79 88
79 94
79 96
80 92
80 98
81 84
82 85
82 93
83 90
84 85
84 90
84 99
85 86
85 89
85 92
86 89
86 92
86 93
86 98
87 90
87 92
88 90
88 95
88 98
89 91
89 95
90 92
90 96
91 97
92 99
93 94
93 99
95 98
96 98
97 99
