100 1050 0.21212121212121213 21 21
0 3
0 7
0 8
0 14
0 16
0 18
0 22
0 24
0 27
0 36
0 37
0 40
0 45
0 47
0 51
0 52
0 53
0 56
0 63
0 67
0 86
1 3
1 6
1 13
1 14
1 17
1 20
1 27
1 28
1 30
1 42
1 55
1 58
1 59
1 60
1 64
1 65
1 70
1 74
1 76
1 95
1 99
2 4
2 8
2 16
2 17
2 19
2 21
2 25
2 27
2 29
2 31
2 32
2 39
2 40
2 57
2 58
2 65
2 74
2 95
2 96
2 97
2 98
3 9
3 21
3 24
3 25
3 38
3 46
3 49
3 54
3 60
3 67
3 71
3 73
3 77
3 79
3 84
3 87
3 89
3 90
3 92
4 22
4 25
4 31
4 34
4 42
4 49
4 52
4 55
4 57
4 63
4 66
4 79
4 80
4 83
4 84
4 85
4 86
4 88
4 95
4 99
5 12
5 20
5 25
5 26
5 29
5 32
5 38
5 43
5 47
5 51
5 54
5 60
5 63
5 69
5 71
5 72
5 80
5 84
5 92
5 93
5 98
6 9
6 14
6 20
6 21
6 23
6 34
6 44
6 46
6 47
6 48
6 54
6 69
6 70
6 75
6 78
6 83
6 84
6 85
6 92
6 94
7 16
7 17
7 19
7 31
7 33
7 38
7 39
7 40
7 41
7 43
7 52
7 53
7 61
7 65
7 70
7 75
7 77
7 80
7 89
7 98
8 23
8 29
8 32
8 34
8 35
8 36
8 51
8 55
8 57
8 58
8 67
8 70
8 71
8 73
8 74
8 78
8 85
8 87
8 92
9 12
9 20
9 22
9 28
9 33
9 39
9 40
9 43
9 47
9 52
9 57
9 68
9 70
9 78
9 81
9 83
9 84
9 88
9 90
10 15
10 17
10 19
10 22
10 23
10 24
10 25
10 37
10 42
10 47
10 48
10 50
10 53
10 54
10 63
10 76
10 84
10 85
10 89
10 95
10 99
11 17
11 21
11 24
11 28
11 30
11 33
11 34
11 38
11 40
11 51
11 56
11 57
11 58
11 61
11 66
11 68
11 76
11 80
11 81
11 91
11 95
12 16
12 19
12 20
12 22
12 24
12 25
12 27
12 31
12 35
12 39
12 47
12 50
12 57
12 70
12 72
12 73
12 77
12 78
12 88
13 14
13 16
13 19
13 23
13 24
13 26
13 34
13 39
13 48
13 49
13 53
13 56
13 58
13 59
13 66
13 78
13 81
13 86
13 89
13 95
14 16
14 17
14 20
14 24
14 28
14 29
14 33
14 53
14 56
14 60
14 62
14 68
14 74
14 75
14 81
14 86
14 87
15 17
15 18
15 27
15 28
15 29
15 30
15 35
15 37
15 46
15 51
15 62
15 69
15 70
15 75
15 78
15 84
15 85
15 93
15 94
15 97
16 19
16 20
16 22
16 23
16 27
16 30
16 41
16 44
16 56
16 57
16 70
16 82
16 88
16 94
16 95
17 25
17 29
17 33
17 43
17 50
17 56
17 64
17 74
17 78
17 83
17 87
17 88
17 92
17 95
18 25
18 29
18 34
18 38
18 42
18 51
18 54
18 56
18 57
18 60
18 62
18 66
18 75
18 77
18 80
18 82
18 87
18 91
18 97
19 21
19 23
19 27
19 35
19 36
19 41
19 45
19 56
19 59
19 60
19 69
19 71
19 90
19 92
19 99
20 21
20 23
20 28
20 32
20 36
20 49
20 50
20 51
20 79
20 80
20 87
20 92
20 93
20 98
21 32
21 33
21 45
21 48
21 50
21 55
21 59
21 61
21 64
21 69
21 71
21 84
21 89
21 90
21 97
22 26
22 32
22 46
22 48
22 58
22 60
22 62
22 68
22 70
22 73
22 78
22 85
22 86
22 89
22 99
23 26
23 32
23 33
23 36
23 46
23 49
23 51
23 53
23 78
23 79
23 86
23 87
23 89
23 94
24 26
24 36
24 62
24 63
24 64
24 70
24 71
24 76
24 88
24 91
24 92
24 94
24 96
24 97
25 39
25 40
25 41
25 61
25 66
25 67
25 68
25 72
25 81
25 87
25 88
25 92
25 98
26 29
26 40
26 48
26 49
26 51
26 52
26 53
26 54
26 58
26 66
26 67
26 73
26 75
26 82
26 84
26 97
27 31
27 40
27 44
27 46
27 52
27 53
27 55
27 59
27 62
27 71
27 73
27 82
27 86
27 90
28 35
28 36
28 45
28 53
28 55
28 57
28 59
28 61
28 63
28 73
28 77
28 82
28 83
28 86
28 89
29 38
29 41
29 44
29 47
29 60
29 62
29 65
29 66
29 71
29 72
29 93
29 96
29 98
30 38
30 39
30 50
30 57
30 62
30 66
30 72
30 73
30 74
30 75
30 79
30 82
30 88
30 91
30 93
30 95
30 99
31 32
31 33
31 34
31 35
31 45
31 53
31 58
31 62
31 66
31 72
31 73
31 77
31 81
31 83
31 95
31 97
32 35
32 40
32 47
32 52
32 54
32 63
32 69
32 71
32 82
32 92
32 93
32 96
32 99
33 34
33 45
33 48
33 50
33 52
33 62
33 63
33 65
33 66
33 69
33 77
33 91
33 93
34 45
34 49
34 63
34 66
34 72
34 73
34 75
34 76
34 77
34 79
34 86
34 93
34 98
35 43
35 45
35 48
35 59
35 62
35 74
35 75
35 76
35 84
35 87
35 88
35 89
35 97
35 99
36 38
36 43
36 44
36 50
36 55
36 61
36 71
36 76
36 82
36 83
36 86
36 87
36 88
36 91
37 38
37 39
37 42
37 51
37 54
37 56
37 57
37 63
37 68
37 70
37 78
37 80
37 83
37 85
37 87
37 92
37 96
37 97
38 46
38 47
38 55
38 57
38 62
38 64
38 69
38 70
38 76
38 90
38 91
38 93
39 42
39 47
39 49
39 50
39 60
39 61
39 76
39 85
39 88
39 92
39 94
39 96
39 98
40 44
40 46
40 49
40 56
40 60
40 63
40 69
40 70
40 75
40 85
40 86
40 88
41 46
41 49
41 51
41 58
41 64
41 65
41 67
41 72
41 75
41 76
41 77
41 79
41 80
41 81
41 93
41 94
42 43
42 45
42 50
42 54
42 56
42 57
42 58
42 59
42 67
42 71
42 74
42 86
42 92
42 96
42 99
43 46
43 55
43 61
43 63
43 65
43 66
43 67
43 68
43 70
43 74
43 75
43 77
43 91
43 95
44 46
44 53
44 56
44 61
44 67
44 68
44 69
44 79
44 80
44 81
44 83
44 85
44 89
44 96
44 99
45 57
45 60
45 61
45 64
45 67
45 69
45 70
45 77
45 78
45 79
45 95
45 97
46 49
46 53
46 55
46 58
46 61
46 63
46 73
46 74
46 79
46 81
47 48
47 54
47 55
47 62
47 64
47 65
47 66
47 75
47 77
47 84
47 86
48 51
48 58
48 61
48 63
48 66
48 67
48 77
48 80
48 84
48 85
48 89
48 99
49 51
49 55
49 67
49 68
49 73
49 79
49 82
49 87
49 96
49 99
50 59
50 61
50 64
50 66
50 68
50 76
50 77
50 79
50 82
50 95
50 98
51 58
51 59
51 60
51 68
51 82
51 88
51 94
51 97
52 54
52 58
52 59
52 65
52 67
52 70
52 74
52 78
52 80
52 81
52 83
52 92
52 96
53 64
53 69
53 72
53 74
53 78
53 80
53 89
53 90
53 97
54 60
54 65
54 66
54 78
54 82
54 85
54 88
54 89
54 96
54 99
55 59
55 64
55 72
55 80
55 83
55 84
55 89
55 91
55 95
56 61
56 65
56 67
56 69
56 72
56 73
56 85
56 91
56 92
57 59
57 76
57 83
57 85
57 90
57 94
57 96
58 59
58 65
58 72
58 80
58 88
58 93
58 96
59 61
59 64
59 66
59 69
59 72
59 76
59 99
60 65
60 72
60 77
60 79
60 89
60 90
60 91
60 95
61 63
61 71
61 73
61 79
61 85
61 96
62 70
62 74
62 76
62 85
62 88
62 91
62 92
62 94
63 67
63 75
63 81
63 85
63 94
63 99
64 68
64 75
64 81
64 86
64 88
64 92
64 93
64 94
64 99
65 76
65 78
65 81
65 84
65 87
65 90
65 96
65 98
66 72
66 74
66 90
66 92
67 71
67 74
67 76
67 77
67 83
67 93
68 71
68 77
68 79
68 83
68 86
68 89
68 90
68 92
68 95
69 71
69 82
69 83
69 84
69 87
69 91
69 98
70 74
70 82
70 83
70 95
71 82
71 84
71 93
71 95
71 97
71 98
72 79
72 80
72 83
72 90
72 91
72 97
73 75
73 78
73 79
73 81
73 90
73 91
73 97
74 80
74 82
74 83
74 97
74 98
75 86
75 87
75 89
75 96
75 97
76 84
76 87
76 94
76 95
76 99
77 78
77 87
77 94
77 96
78 82
78 84
78 93
78 94
79 84
79 88
79 91
79 94
80 82
80 87
80 90
80 91
80 99
81 83
81 85
81 86
81 93
81 94
81 96
81 98
82 88
82 91
82 99
83 93
83 98
84 91
84 94
85 91
85 93
85 97
86 90
86 92
86 94
86 98
87 91
87 94
87 98
88 90
88 92
89 94
89 95
89 96
89 97
90 93
90 97
90 98
90 99
93 96
93 98
95 99
96 98
97 98
