100 1100 0.2222222222222222 22 22
0 5
0 24
0 27
0 32
0 33
0 34
0 39
0 51
0 52
0 54
0 56
0 57
0 61
0 64
0 66
0 69
0 70
0 72
0 75
0 79
0 88
0 90
1 11
1 13
1 21
1 24
1 34
1 35
1 38
1 40
1 45
1 46
1 51
1 52
1 53
1 54
1 55
1 59
1 69
1 76
1 79
1 82
1 85
1 87
2 6
2 8
2 13
2 14
2 16
2 19
2 20
2 21
2 24
2 29
2 31
2 41
2 43
2 50
2 54
2 59
2 62
2 67
2 74
2 75
2 81
2 82
3 13
3 29
3 30
3 32
3 33
3 36
3 37
3 43
3 50
3 51
3 58
3 60
3 65
3 66
3 77
3 78
3 82
3 83
3 90
3 91
3 97
3 99
4 8
4 12
4 14
4 16
4 19
4 20
4 37
4 39
4 40
4 44
4 53
4 54
4 59
4 66
4 67
4 68
4 74
4 76
4 82
4 88
4 91
4 95
5 10
5 11
5 13
5 20
5 22
5 24
5 30
5 41
5 46
5 48
5 52
5 56
5 65
5 69
5 71
5 75
5 84
5 88
5 92
5 93
5 95
6 7
6 16
6 19
6 24
6 28
6 39
6 42
6 43
6 49
6 55
6 60
6 61
6 63
6 68
6 70
6 81
6 83
6 90
6 92
6 98
6 99
7 8
7 10
7 14
7 16
7 18
7 19
7 20
7 36
7 38
7 45
7 47
7 58
7 59
7 63
7 64
7 65
7 77
7 82
7 86
7 92
7 95
8 12
8 13
8 17
8 18
8 20
8 24
8 25
8 26
8 29
8 48
8 51
8 52
8 62
8 70
8 73
8 77
8 88
8 92
8 99
9 12
9 18
9 26
9 31
9 36
9 37
9 42
9 51
9 53
9 58
9 63
9 68
9 69
9 71
9 73
9 82
9 84
9 86
9 87
9 90
9 91
9 99
10 12
10 15
10 19
10 29
10 30
10 35
10 41
10 50
10 51
10 52
10 57
10 60
10 64
10 73
10 75
10 80
10 82
10 85
10 91
10 96
11 12
11 18
11 21
11 25
11 29
11 33
11 47
11 52
11 56
11 57
11 59
11 68
11 70
11 79
11 83
11 86
11 90
11 91
11 92
11 98
12 14
12 15
12 18
12 27
12 35
12 44
12 45
12 54
12 70
12 71
12 75
12 76
12 79
12 81
12 87
12 94
12 96
13 15
13 19
13 22
13 24
13 32
13 33
13 36
13 43
13 51
13 54
13 67
13 69
13 72
13 86
13 88
13 89
13 98
14 23
14 24
14 27
14 32
14 37
14 39
14 52
14 55
14 58
14 60
14 66
14 68
14 74
14 76
14 82
14 85
14 87
14 93
15 20
15 32
15 34
15 37
15 44
15 48
15 57
15 59
15 60
15 65
15 68
15 71
15 77
15 78
15 84
15 93
15 94
15 96
15 99
16 17
16 20
16 21
16 26
16 27
16 29
16 42
16 49
16 54
16 55
16 71
16 73
16 78
16 87
16 89
16 93
16 98
16 99
17 20
17 28
17 29
17 34
17 35
17 49
17 54
17 55
17 56
17 58
17 61
17 63
17 70
17 71
17 75
17 79
17 80
17 87
17 88
17 97
18 20
18 23
18 28
18 29
18 31
18 41
18 42
18 46
18 58
18 68
18 76
18 82
18 83
18 85
18 86
18 94
18 96
19 30
19 39
19 46
19 47
19 54
19 55
19 59
19 63
19 65
19 70
19 71
19 75
19 78
19 83
19 85
19 94
20 22
20 26
20 32
20 34
20 36
20 43
20 48
20 57
20 63
20 66
20 76
20 84
20 95
21 24
21 26
21 28
21 32
21 35
21 40
21 45
21 48
21 49
21 56
21 63
21 65
21 73
21 80
21 81
21 84
21 91
21 96
22 29
22 38
22 40
22 45
22 47
22 50
22 52
22 56
22 58
22 62
22 67
22 70
22 75
22 77
22 81
22 84
22 85
22 89
22 94
23 27
23 31
23 40
23 45
23 48
23 50
23 57
23 58
23 59
23 60
23 61
23 68
23 70
23 74
23 76
23 80
23 86
23 94
23 95
23 97
24 36
24 43
24 44
24 46
24 55
24 56
24 60
24 61
24 80
24 82
24 83
24 85
24 98
25 28
25 30
25 34
25 38
25 39
25 44
25 49
25 51
25 61
25 71
25 73
25 74
25 77
25 81
25 87
25 88
25 90
25 94
25 95
25 97
26 36
26 37
26 45
26 51
26 54
26 55
26 60
26 62
26 64
26 65
26 72
26 80
26 81
26 85
26 86
26 87
26 98
27 32
27 41
27 49
27 50
27 62
27 63
27 64
27 66
27 67
27 69
27 73
27 76
27 78
27 81
27 92
27 96
27 97
28 31
28 32
28 51
28 53
28 55
28 60
28 62
28 75
28 78
28 79
28 86
28 87
28 88
28 94
28 96
28 98
28 99
29 31
29 39
29 45
29 53
29 66
29 78
29 80
29 81
29 82
29 84
29 87
29 90
29 98
30 31
30 33
30 35
30 43
30 47
30 49
30 50
30 56
30 57
30 68
30 74
30 79
30 85
30 91
30 96
30 97
30 99
31 34
31 44
31 45
31 48
31 49
31 50
31 64
31 70
31 72
31 78
31 82
31 86
31 89
31 97
31 99
32 39
32 44
32 47
32 64
32 65
32 74
32 76
32 78
32 81
32 85
32 86
32 94
32 98
33 34
33 37
33 40
33 42
33 46
33 47
33 52
33 54
33 73
33 76
33 77
33 80
33 81
33 82
33 84
33 90
33 95
34 36
34 44
34 54
34 61
34 64
34 66
34 68
34 71
34 74
34 77
34 79
34 82
34 88
34 92
35 37
35 40
35 43
35 46
35 50
35 56
35 59
35 60
35 71
35 73
35 79
35 80
35 83
35 88
35 95
35 98
36 38
36 39
36 46
36 51
36 58
36 61
36 62
36 67
36 71
36 76
36 81
36 88
36 89
36 93
37 40
37 42
37 44
37 46
37 47
37 49
37 51
37 54
37 58
37 66
37 67
37 76
37 87
37 92
38 39
38 44
38 50
38 55
38 59
38 61
38 62
38 64
38 65
38 67
38 70
38 74
38 75
38 83
38 84
38 90
38 99
39 43
39 45
39 47
39 51
39 72
39 73
39 78
39 81
39 85
39 89
39 96
39 98
40 41
40 55
40 61
40 68
40 69
40 71
40 72
40 73
40 74
40 77
40 81
40 89
40 96
40 99
41 42
41 45
41 46
41 60
41 63
41 68
41 72
41 74
41 75
41 76
41 78
41 83
41 85
41 89
41 90
41 92
42 46
42 55
42 60
42 65
42 67
42 69
42 70
42 73
42 74
42 77
42 89
42 91
42 92
42 98
42 99
43 45
43 47
43 55
43 56
43 64
43 67
43 74
43 79
43 83
43 89
43 93
43 98
43 99
44 48
44 50
44 57
44 58
44 60
44 72
44 74
44 77
44 79
44 87
44 88
44 92
45 46
45 64
45 69
45 72
45 76
45 91
45 92
45 95
45 96
45 99
46 52
46 53
46 54
46 57
46 64
46 69
46 76
46 77
46 79
46 80
47 51
47 52
47 58
47 60
47 61
47 62
47 75
47 79
47 82
47 84
47 94
47 99
48 55
48 61
48 62
48 65
48 66
48 69
48 72
48 78
48 88
48 92
48 96
48 97
48 98
48 99
49 50
49 58
49 63
49 64
49 70
49 74
49 77
49 80
49 86
49 89
49 92
49 96
49 97
50 66
50 67
50 71
50 79
50 83
50 87
50 89
50 90
50 97
50 98
51 53
51 56
51 60
51 61
51 69
51 72
51 85
51 94
52 54
52 57
52 63
52 80
52 81
52 83
52 84
52 87
52 90
52 93
52 99
53 54
53 57
53 62
53 66
53 70
53 71
53 72
53 73
53 74
53 80
53 81
53 87
53 88
53 89
53 94
54 57
54 59
54 70
54 83
54 88
54 99
55 60
55 62
55 64
55 79
55 88
55 94
55 95
55 98
56 59
56 62
56 64
56 65
56 67
56 78
56 80
56 86
56 88
56 91
56 95
57 66
57 67
57 68
57 70
57 73
57 79
57 88
57 92
57 93
57 96
58 65
58 66
58 71
58 73
58 80
58 87
58 89
58 95
58 97
59 60
59 64
59 65
59 67
59 70
59 82
59 83
59 85
59 88
59 96
60 61
60 63
60 69
60 91
60 93
61 63
61 68
61 76
61 89
61 91
61 94
61 95
61 97
62 66
62 67
62 73
62 75
62 78
62 80
62 82
62 87
62 93
63 70
63 72
63 73
63 83
63 86
63 87
63 92
63 93
63 97
64 73
64 78
64 80
64 84
64 87
64 90
65 66
65 71
65 72
65 77
65 85
65 86
65 89
65 94
66 71
66 82
66 86
66 92
66 93
66 97
67 69
67 72
67 81
67 82
67 84
67 93
67 95
68 69
68 72
68 75
68 80
68 81
68 88
68 89
68 93
69 78
69 79
69 83
69 84
69 86
69 89
69 95
70 76
70 84
70 85
70 94
71 72
71 75
71 78
71 89
71 92
72 81
72 82
72 83
72 84
72 86
73 89
73 91
73 93
73 98
74 76
74 84
74 85
74 86
74 95
74 96
75 77
75 81
75 84
75 85
75 91
75 94
75 95
76 83
76 91
76 97
76 98
77 78
77 79
77 83
77 85
77 86
77 94
77 96
78 85
78 90
78 94
78 97
79 82
79 92
79 93
79 98
80 83
80 90
80 95
80 97
81 87
81 90
82 91
83 93
83 98
84 87
84 90
84 96
84 98
85 92
85 95
86 91
86 93
86 97
87 90
88 91
88 96
89 97
89 99
90 91
90 93
90 95
90 97
91 92
91 93
91 95
92 94
93 96
93 99
94 95
94 96
96 99
97 98
97 99
