100 1150 0.23232323232323232 23 23
0 4
0 7
0 8
0 11
0 12
0 15
0 17
0 24
0 25
0 27
0 29
0 32
0 37
0 40
0 44
0 52
0 64
0 73
0 74
0 82
0 84
0 96
0 99
1 9
1 15
1 18
1 21
1 22
1 23
1 25
1 30
1 34
1 38
1 39
1 44
1 51
1 52
1 61
1 69
1 74
1 75
1 80
1 84
1 88
1 95
1 99
2 4
2 6
2 8
2 18
2 19
2 22
2 23
2 29
2 37
2 38
2 49
2 50
2 55
2 71
2 72
2 73
2 77
2 80
2 81
2 84
2 86
2 91
2 93
3 4
3 6
3 14
3 20
3 25
3 27
3 33
3 39
3 43
3 44
3 46
3 51
3 52
3 54
3 58
3 62
3 63
3 66
3 71
3 78
3 85
3 89
3 95
4 19
4 29
4 30
4 33
4 34
4 40
4 41
4 49
4 53
4 55
4 61
4 64
4 70
4 73
4 75
4 79
4 82
4 85
4 95
4 96
5 8
5 10
5 13
5 20
5 21
5 28
5 38
5 40
5 43
5 46
5 48
5 60
5 62
5 69
5 70
5 73
5 74
5 75
5 85
5 88
5 90
5 92
5 94
6 10
6 13
6 17
6 18
6 21
6 22
6 28
6 33
6 35
6 36
6 38
6 39
6 40
6 41
6 49
6 52
6 63
6 65
6 68
6 78
6 90
7 18
7 23
7 24
7 31
7 37
7 41
7 46
7 51
7 54
7 55
7 59
7 68
7 72
7 73
7 76
7 79
7 82
7 83
7 89
7 92
7 93
7 99
8 10
8 11
8 17
8 20
8 24
8 31
8 34
8 37
8 42
8 43
8 45
8 63
8 75
8 78
8 80
8 81
8 86
8 91
8 92
8 95
9 12
9 19
9 23
9 24
9 26
9 38
9 44
9 48
9 51
9 52
9 56
9 58
9 65
9 67
9 69
9 75
9 76
9 81
9 83
9 87
9 91
9 94
10 14
10 19
10 21
10 27
10 32
10 34
10 36
10 40
10 41
10 42
10 44
10 57
10 61
10 63
10 65
10 70
10 75
10 77
10 88
10 97
11 13
11 26
11 31
11 35
11 45
11 47
11 48
11 49
11 55
11 61
11 69
11 72
11 74
11 75
11 76
11 77
11 80
11 82
11 91
11 92
11 98
12 14
12 21
12 22
12 23
12 30
12 35
12 38
12 40
12 43
12 45
12 55
12 57
12 58
12 69
12 70
12 78
12 81
12 85
12 91
12 94
12 96
13 20
13 36
13 39
13 42
13 47
13 49
13 50
13 52
13 56
13 57
13 60
13 63
13 79
13 83
13 84
13 86
13 92
13 93
13 95
13 96
14 22
14 26
14 31
14 32
14 37
14 43
14 44
14 46
14 48
14 49
14 54
14 64
14 65
14 69
14 78
14 82
14 85
14 88
14 96
14 98
15 22
15 23
15 24
15 25
15 29
15 32
15 37
15 39
15 41
15 42
15 44
15 46
15 53
15 59
15 60
15 64
15 79
15 85
15 95
15 98
15 99
16 19
16 22
16 26
16 38
16 42
16 43
16 45
16 48
16 50
16 55
16 57
16 58
16 59
16 60
16 62
16 64
16 74
16 84
16 90
16 92
16 93
16 98
16 99
17 19
17 21
17 30
17 41
17 43
17 46
17 47
17 49
17 52
17 54
17 57
17 59
17 62
17 72
17 82
17 83
17 84
17 89
17 93
17 99
18 21
18 24
18 29
18 30
18 39
18 45
18 47
18 58
18 59
18 63
18 66
18 69
18 74
18 80
18 81
18 90
18 93
18 94
18 99
19 21
19 26
19 27
19 28
19 29
19 32
19 34
19 43
19 45
19 49
19 54
19 59
19 61
19 86
19 89
19 91
19 92
20 21
20 25
20 29
20 30
20 34
20 36
20 45
20 49
20 57
20 59
20 63
20 65
20 66
20 71
20 73
20 81
20 96
20 97
20 98
21 22
21 25
21 29
21 32
21 38
21 41
21 53
21 58
21 60
21 69
21 71
21 78
21 88
21 91
22 24
22 29
22 31
22 34
22 35
22 44
22 47
22 48
22 52
22 56
22 72
22 73
22 75
22 77
22 98
23 25
23 27
23 32
23 50
23 55
23 58
23 64
23 67
23 68
23 72
23 73
23 82
23 83
23 86
23 92
23 97
23 98
24 28
24 30
24 35
24 37
24 41
24 45
24 62
24 63
24 66
24 70
24 77
24 78
24 79
24 91
24 92
24 98
25 27
25 28
25 31
25 34
25 35
25 56
25 65
25 69
25 72
25 73
25 75
25 76
25 80
25 87
25 96
25 97
26 27
26 29
26 31
26 35
26 50
26 52
26 53
26 54
26 56
26 66
26 70
26 75
26 79
26 82
26 83
26 91
26 97
26 98
27 33
27 36
27 39
27 43
27 44
27 45
27 46
27 63
27 67
27 68
27 72
27 73
27 81
27 85
27 86
27 95
28 30
28 33
28 37
28 39
28 42
28 45
28 50
28 54
28 55
28 58
28 60
28 61
28 67
28 76
28 81
28 86
28 93
28 99
29 32
29 33
29 43
29 45
29 46
29 47
29 52
29 54
29 57
29 66
29 71
29 72
29 74
30 32
30 33
30 40
30 53
30 58
30 62
30 63
30 68
30 71
30 81
30 89
30 90
30 91
30 94
30 96
31 35
31 36
31 38
31 40
31 43
31 47
31 54
31 76
31 83
31 88
31 91
31 92
31 95
31 96
31 97
31 99
32 43
32 52
32 53
32 65
32 67
32 72
32 73
32 80
32 86
32 88
32 89
32 93
32 97
32 99
33 36
33 39
33 45
33 48
33 57
33 59
33 67
33 68
33 71
33 75
33 77
33 85
33 86
33 89
33 92
33 95
34 36
34 39
34 40
34 42
34 46
34 54
34 57
34 65
34 66
34 74
34 77
34 79
34 80
34 91
34 93
35 43
35 58
35 60
35 64
35 65
35 70
35 71
35 72
35 73
35 76
35 79
35 80
35 84
35 88
35 93
36 41
36 44
36 47
36 49
36 53
36 55
36 60
36 67
36 73
36 78
36 83
36 86
36 87
36 89
36 98
37 41
37 43
37 49
37 58
37 63
37 65
37 68
37 70
37 75
37 76
37 81
37 82
37 85
37 89
37 94
38 41
38 44
38 51
38 52
38 55
38 56
38 59
38 64
38 65
38 66
38 70
38 76
38 83
38 97
39 42
39 45
39 54
39 60
39 68
39 70
39 73
39 74
39 86
39 87
39 90
39 92
39 99
40 46
40 47
40 55
40 57
40 62
40 64
40 65
40 67
40 71
40 75
40 76
40 87
40 90
40 94
41 48
41 51
41 53
41 62
41 64
41 66
41 77
41 78
41 90
41 94
41 96
41 97
42 48
42 56
42 62
42 63
42 67
42 68
42 69
42 77
42 79
42 84
42 85
42 87
42 89
42 93
42 95
43 56
43 59
43 64
43 70
43 78
43 87
43 88
43 96
43 97
44 48
44 49
44 50
44 57
44 60
44 61
44 73
44 74
44 93
44 95
44 97
44 99
45 51
45 55
45 67
45 68
45 70
45 75
45 82
45 84
45 86
45 95
46 47
46 51
46 53
46 54
46 61
46 62
46 66
46 68
46 70
46 71
46 79
46 82
46 89
47 49
47 51
47 52
47 57
47 61
47 69
47 73
47 75
47 76
47 84
47 85
47 95
47 96
48 50
48 52
48 54
48 55
48 57
48 58
48 59
48 61
48 74
48 77
48 81
48 87
48 97
49 59
49 60
49 66
49 68
49 74
49 78
49 79
49 80
49 93
49 96
50 51
50 52
50 56
50 60
50 63
50 67
50 69
50 71
50 79
50 80
50 86
50 87
50 89
50 93
50 98
51 52
51 54
51 57
51 60
51 62
51 63
51 65
51 75
51 86
51 92
51 94
51 95
51 99
52 64
52 67
52 79
52 87
52 88
52 89
52 90
53 54
53 55
53 58
53 59
53 66
53 67
53 68
53 72
53 73
53 79
53 82
53 88
53 89
53 96
54 55
54 64
54 75
54 76
54 84
54 86
54 90
54 96
55 67
55 69
55 71
55 74
55 84
55 85
55 90
55 95
56 58
56 63
56 67
56 80
56 82
56 83
56 85
56 87
56 91
56 92
56 93
56 95
56 96
56 98
57 62
57 66
57 76
57 78
57 84
57 87
57 89
57 90
57 94
58 62
58 67
58 69
58 72
58 77
58 78
58 82
58 87
58 90
59 71
59 73
59 76
59 78
59 80
59 84
59 86
59 87
59 91
59 96
60 63
60 70
60 75
60 81
60 86
60 88
60 92
60 93
60 95
60 97
61 69
61 71
61 73
61 77
61 78
61 80
61 83
61 85
61 89
61 90
61 92
61 94
61 96
62 64
62 65
62 66
62 67
62 70
62 76
62 80
62 89
62 94
62 99
63 68
63 76
63 79
63 84
63 92
63 95
63 98
64 70
64 72
64 74
64 77
64 78
64 85
64 91
64 95
64 99
65 72
65 74
65 77
65 78
65 80
65 83
65 84
65 88
65 91
66 74
66 77
66 78
66 80
66 87
66 93
66 96
66 97
66 98
67 74
67 77
67 78
67 81
67 85
67 87
68 71
68 81
68 82
68 83
68 89
68 91
68 93
68 97
68 98
69 71
69 79
69 81
69 82
69 88
69 89
69 94
69 98
70 71
70 75
70 79
70 81
70 87
70 88
70 98
71 73
71 85
71 87
71 90
71 98
71 99
72 76
72 82
72 83
72 88
72 92
72 96
72 98
72 99
73 88
73 90
73 95
74 79
74 83
74 84
74 85
74 90
74 99
75 79
75 88
75 91
75 94
76 81
76 83
76 89
76 90
76 92
76 97
77 82
77 88
77 92
77 94
77 95
77 98
77 99
78 81
78 82
78 95
78 98
79 85
79 87
79 94
79 97
80 81
80 83
80 88
80 93
80 94
80 95
81 82
81 86
81 91
81 97
82 83
82 91
82 94
83 86
83 87
83 96
83 97
83 99
84 85
84 88
84 91
84 92
84 93
84 94
85 87
85 94
85 96
86 89
86 90
86 94
86 97
87 96
87 97
88 90
88 99
89 92
89 93
90 92
90 94
90 99
91 98
91 99
93 97
93 98
94 97
