100 1200 0.24242424242424243 24 24
0 8
0 10
0 15
0 17
0 18
0 25
0 36
0 37
0 38
0 49
0 60
0 62
0 63
0 76
0 79
0 80
0 81
0 85
0 89
0 90
0 93
0 95
0 97
0 99
1 3
1 5
1 10
1 14
1 16
1 22
1 32
1 35
1 37
1 46
1 50
1 59
1 62
1 66
1 71
1 73
1 74
1 75
1 76
1 79
1 82
1 94
1 98
1 99
2 3
2 8
2 14
2 20
2 25
2 29
2 34
2 37
2 42
2 44
2 48
2 51
2 57
2 60
2 69
2 70
2 74
2 76
2 79
2 82
2 87
2 91
2 93
2 98
3 9
3 12
3 13
3 21
3 23
3 24
3 26
3 35
3 37
3 44
3 46
3 50
3 57
3 65
3 70
3 72
3 80
3 84
3 89
3 91
3 92
3 95
4 11
4 12
4 24
4 25
4 35
4 39
4 41
4 45
4 46
4 51
4 52
4 57
4 62
4 63
4 71
4 73
4 75
4 77
4 78
4 79
4 80
4 89
4 90
4 95
5 11
5 16
5 23
5 33
5 35
5 36
5 38
5 40
5 43
5 51
5 55
5 57
5 65
5 68
5 70
5 75
5 80
5 83
5 85
5 88
5 94
5 96
5 99
6 9
6 10
6 12
6 13
6 15
6 19
6 22
6 25
6 27
6 28
6 30
6 31
6 39
6 44
6 47
6 50
6 52
6 57
6 63
6 66
6 74
6 85
6 86
6 90
7 10
7 14
7 15
7 17
7 19
7 24
7 31
7 36
7 39
7 44
7 45
7 46
7 49
7 52
7 53
7 63
7 64
7 70
7 74
7 77
7 83
7 86
7 87
7 92
8 10
8 12
8 14
8 19
8 25
8 32
8 33
8 34
8 42
8 49
8 54
8 60
8 66
8 72
8 78
8 83
8 86
8 87
8 89
8 90
8 93
8 97
9 12
9 16
9 20
9 23
9 29
9 31
9 33
9 35
9 37
9 46
9 48
9 52
9 59
9 60
9 74
9 79
9 81
9 87
9 90
9 91
9 93
9 98
10 11
10 14
10 17
10 25
10 28
10 35
10 39
10 46
10 48
10 62
10 69
10 76
10 78
10 81
10 83
10 89
10 90
10 91
10 99
11 15
11 20
11 24
11 26
11 31
11 33
11 43
11 47
11 50
11 53
11 58
11 59
11 62
11 69
11 73
11 74
11 77
11 79
11 82
11 83
11 92
12 13
12 16
12 19
12 23
12 29
12 32
12 34
12 37
12 41
12 47
12 53
12 61
12 69
12 71
12 78
12 84
12 89
12 94
12 98
13 16
13 17
13 20
13 21
13 34
13 37
13 39
13 40
13 44
13 48
13 61
13 62
13 63
13 64
13 67
13 70
13 78
13 79
13 81
13 86
13 91
14 16
14 17
14 22
14 26
14 32
14 33
14 36
14 50
14 55
14 58
14 60
14 68
14 70
14 77
14 80
14 88
14 96
14 97
14 99
15 16
15 19
15 33
15 36
15 44
15 48
15 49
15 51
15 53
15 54
15 55
15 66
15 68
15 71
15 72
15 73
15 83
15 90
15 91
15 92
16 20
16 31
16 36
16 38
16 41
16 44
16 48
16 51
16 55
16 56
16 59
16 62
16 64
16 67
16 80
16 82
16 94
17 21
17 22
17 26
17 28
17 32
17 33
17 34
17 40
17 50
17 53
17 65
17 66
17 71
17 73
17 74
17 75
17 78
17 81
17 90
18 20
18 21
18 34
18 37
18 39
18 40
18 41
18 43
18 55
18 56
18 59
18 62
18 65
18 71
18 72
18 73
18 77
18 81
18 89
18 90
18 92
18 95
18 99
19 27
19 32
19 45
19 51
19 52
19 57
19 60
19 64
19 66
19 68
19 74
19 79
19 81
19 88
19 89
19 91
19 95
19 96
19 97
20 23
20 28
20 31
20 35
20 36
20 38
20 53
20 63
20 64
20 67
20 68
20 73
20 76
20 79
20 81
20 82
20 91
20 98
21 31
21 32
21 36
21 41
21 43
21 45
21 47
21 50
21 51
21 55
21 56
21 59
21 60
21 61
21 63
21 64
21 67
21 81
21 85
21 87
22 24
22 31
22 32
22 36
22 41
22 42
22 51
22 52
22 58
22 61
22 62
22 63
22 69
22 73
22 77
22 80
22 86
22 94
22 95
22 96
23 30
23 31
23 37
23 43
23 45
23 47
23 48
23 49
23 52
23 65
23 68
23 73
23 75
23 83
23 85
23 90
23 93
23 95
23 99
24 27
24 44
24 46
24 47
24 48
24 52
24 55
24 56
24 58
24 63
24 66
24 67
24 72
24 73
24 79
24 80
24 85
24 88
24 98
25 27
25 28
25 29
25 36
25 38
25 42
25 43
25 45
25 50
25 56
25 58
25 59
25 67
25 74
25 79
25 84
25 85
25 87
26 27
26 34
26 36
26 40
26 46
26 47
26 51
26 59
26 61
26 69
26 74
26 75
26 78
26 79
26 80
26 83
26 86
26 90
26 91
26 99
27 38
27 39
27 42
27 43
27 53
27 56
27 58
27 61
27 64
27 75
27 76
27 78
27 84
27 86
27 87
27 88
27 94
27 95
27 99
28 29
28 30
28 35
28 45
28 48
28 54
28 56
28 59
28 61
28 66
28 67
28 70
28 78
28 84
28 85
28 87
28 94
28 96
28 98
29 30
29 32
29 37
29 41
29 45
29 46
29 49
29 50
29 51
29 54
29 58
29 64
29 66
29 67
29 72
29 77
29 79
29 89
29 95
30 32
30 33
30 39
30 42
30 45
30 47
30 49
30 51
30 54
30 55
30 69
30 71
30 75
30 78
30 80
30 83
30 84
30 88
30 89
30 98
31 34
31 35
31 36
31 39
31 40
31 45
31 55
31 56
31 60
31 61
31 62
31 67
31 68
31 73
31 89
32 37
32 42
32 48
32 52
32 55
32 58
32 62
32 65
32 69
32 79
32 87
32 95
32 97
32 99
33 41
33 42
33 43
33 52
33 53
33 54
33 56
33 57
33 58
33 61
33 70
33 75
33 77
33 87
33 90
33 97
34 39
34 41
34 49
34 55
34 57
34 66
34 68
34 69
34 75
34 79
34 84
34 85
34 86
34 91
34 96
34 97
35 46
35 49
35 52
35 59
35 61
35 62
35 76
35 79
35 81
35 82
35 83
35 91
35 93
35 98
35 99
36 38
36 44
36 45
36 57
36 59
36 66
36 67
36 72
36 84
36 85
36 88
36 95
37 39
37 44
37 47
37 53
37 54
37 55
37 57
37 61
37 71
37 77
37 91
37 92
37 97
38 40
38 42
38 52
38 55
38 56
38 58
38 65
38 69
38 71
38 72
38 74
38 75
38 78
38 84
38 88
38 91
38 96
39 43
39 50
39 53
39 54
39 58
39 61
39 62
39 77
39 89
39 90
39 92
39 96
39 98
40 47
40 48
40 49
40 50
40 53
40 56
40 60
40 62
40 66
40 68
40 69
40 76
40 82
40 84
40 86
40 88
40 98
41 42
41 45
41 48
41 57
41 65
41 70
41 71
41 72
41 76
41 81
41 83
41 86
41 89
41 94
41 98
42 46
42 48
42 50
42 57
42 68
42 69
42 70
42 72
42 74
42 81
42 83
42 89
42 97
42 99
43 47
43 49
43 56
43 64
43 65
43 67
43 76
43 79
43 80
43 83
43 89
43 92
43 93
43 95
43 96
44 49
44 58
44 62
44 65
44 75
44 76
44 78
44 85
44 86
44 91
44 92
44 97
44 98
44 99
45 47
45 49
45 51
45 53
45 60
45 65
45 72
45 76
45 79
45 84
45 85
45 99
46 47
46 52
46 53
46 54
46 56
46 57
46 60
46 62
46 68
46 78
46 92
46 93
46 98
47 49
47 53
47 55
47 57
47 63
47 73
47 83
47 88
47 91
47 93
47 95
48 51
48 57
48 59
48 61
48 68
48 69
48 72
48 81
48 82
48 83
48 90
49 50
49 54
49 56
49 61
49 65
49 66
49 67
49 68
49 76
49 82
50 56
50 61
50 62
50 65
50 78
50 84
50 88
50 90
50 92
50 94
50 95
51 58
51 66
51 71
51 74
51 75
51 77
51 87
51 93
51 96
51 97
51 98
52 56
52 69
52 75
52 79
52 81
52 84
52 89
52 91
52 93
52 96
52 97
53 54
53 60
53 62
53 63
53 64
53 72
53 80
53 85
53 90
53 98
54 59
54 66
54 67
54 71
54 74
54 80
54 81
54 83
54 87
54 88
54 89
54 96
54 99
55 60
55 62
55 68
55 70
55 71
55 76
55 78
55 88
55 93
55 95
56 58
56 63
56 70
56 73
56 80
56 92
56 95
56 98
57 63
57 66
57 72
57 75
57 77
57 78
57 82
57 90
57 97
58 59
58 63
58 65
58 72
58 80
58 83
58 85
58 87
58 96
58 99
59 64
59 71
59 82
59 83
59 87
59 88
59 89
59 90
59 94
59 98
60 63
60 64
60 65
60 67
60 68
60 69
60 72
60 73
60 80
60 92
60 94
61 65
61 66
61 69
61 70
61 84
61 88
61 90
61 94
61 95
62 69
62 73
62 76
62 94
62 98
63 67
63 68
63 71
63 73
63 79
63 85
63 87
63 88
63 92
64 66
64 67
64 70
64 71
64 72
64 74
64 75
64 79
64 82
64 93
64 95
64 97
65 75
65 77
65 82
65 84
65 91
65 92
65 94
65 95
66 68
66 77
66 80
66 81
66 88
66 94
67 68
67 69
67 76
67 77
67 78
67 81
67 90
67 91
68 69
68 74
68 75
68 85
68 89
68 99
69 71
69 77
69 81
69 93
69 97
70 71
70 81
70 83
70 86
70 87
70 89
70 95
70 96
70 97
70 98
71 80
71 81
71 85
71 86
71 91
71 95
72 76
72 77
72 85
72 89
72 92
72 93
72 99
73 74
73 75
73 81
73 85
73 87
73 90
73 92
73 93
74 78
74 89
74 91
74 92
74 94
74 96
74 97
75 78
75 84
75 88
75 92
75 96
76 80
76 82
76 83
76 86
76 93
76 96
76 99
77 79
77 80
77 82
77 86
77 90
77 92
77 94
78 80
78 83
78 89
78 96
78 97
79 94
79 96
80 81
80 91
80 94
81 86
81 97
82 83
82 84
82 85
82 86
82 87
82 88
82 92
82 94
82 98
83 88
83 96
84 85
84 86
84 87
84 93
84 94
84 98
84 99
85 87
85 91
85 92
86 87
86 88
86 90
86 93
86 96
86 99
87 89
87 97
87 98
88 92
88 93
88 97
90 93
91 96
91 97
92 94
93 94
93 96
93 98
94 99
95 96
95 97
95 99
97 99
