100 1250 0.25252525252525254 25 25
0 1
0 14
0 18
0 19
0 20
0 21
0 23
0 28
0 31
0 34
0 36
0 37
0 44
0 45
0 46
0 50
0 57
0 65
0 76
0 77
0 78
0 90
0 91
0 96
0 99
1 3
1 13
1 22
1 23
1 24
1 31
1 32
1 37
1 39
1 40
1 46
1 49
1 51
1 61
1 62
1 63
1 64
1 65
1 68
1 76
1 85
1 87
1 93
1 94
2 5
2 12
2 14
2 17
2 18
2 28
2 31
2 33
2 36
2 39
2 42
2 44
2 46
2 51
2 53
2 64
2 66
2 68
2 69
2 75
2 76
2 78
2 81
2 86
2 97
3 7
3 8
3 10
3 28
3 31
3 33
3 45
3 49
3 50
3 57
3 59
3 61
3 66
3 67
3 68
3 70
3 76
3 77
3 79
3 91
3 93
3 94
3 97
3 99
4 7
4 9
4 20
4 21
4 22
4 23
4 24
4 30
4 34
4 35
4 37
4 38
4 39
4 45
4 47
4 52
4 54
4 58
4 70
4 72
4 74
4 76
4 83
4 90
4 97
5 15
5 19
5 20
5 21
5 25
5 28
5 29
5 30
5 31
5 38
5 43
5 47
5 51
5 63
5 65
5 68
5 69
5 71
5 73
5 80
5 82
5 83
5 88
5 94
6 13
6 17
6 18
6 19
6 23
6 25
6 26
6 30
6 32
6 38
6 40
6 45
6 46
6 47
6 57
6 58
6 60
6 65
6 69
6 73
6 74
6 77
6 81
6 91
6 93
7 10
7 12
7 15
7 21
7 22
7 24
7 30
7 36
7 37
7 38
7 45
7 47
7 54
7 55
7 57
7 58
7 63
7 66
7 73
7 87
7 90
7 93
7 97
8 14
8 15
8 16
8 17
8 20
8 24
8 27
8 34
8 38
8 41
8 48
8 58
8 62
8 63
8 65
8 66
8 71
8 74
8 75
8 79
8 82
8 89
8 90
8 98
9 12
9 15
9 18
9 20
9 22
9 23
9 25
9 27
9 37
9 38
9 45
9 50
9 52
9 60
9 61
9 63
9 65
9 66
9 67
9 69
9 71
9 89
9 92
9 99
10 12
10 13
10 16
10 39
10 40
10 42
10 50
10 52
10 63
10 64
10 69
10 72
10 73
10 74
10 81
10 82
10 83
10 84
10 85
10 86
10 91
10 94
10 95
11 13
11 14
11 15
11 19
11 20
11 21
11 22
11 24
11 25
11 40
11 41
11 45
11 57
11 64
11 65
11 66
11 67
11 68
11 72
11 73
11 75
11 87
11 90
11 93
11 95
12 18
12 21
12 22
12 32
12 41
12 42
12 45
12 48
12 51
12 55
12 56
12 57
12 72
12 78
12 79
12 80
12 93
12 94
12 95
12 96
12 99
13 26
13 27
13 28
13 29
13 30
13 34
13 44
13 45
13 46
13 49
13 53
13 58
13 63
13 65
13 66
13 78
13 79
13 86
13 92
13 97
13 99
14 18
14 20
14 21
14 24
14 30
14 35
14 41
14 43
14 46
14 52
14 57
14 61
14 62
14 68
14 75
14 80
14 82
14 85
14 87
14 90
14 91
15 22
15 26
15 33
15 45
15 49
15 50
15 54
15 56
15 57
15 66
15 68
15 69
15 75
15 79
15 82
15 85
15 86
15 89
15 91
15 95
16 17
16 23
16 29
16 33
16 39
16 42
16 48
16 52
16 53
16 54
16 57
16 61
16 63
16 65
16 68
16 70
16 71
16 76
16 78
16 80
16 83
16 86
16 97
17 19
17 22
17 24
17 28
17 29
17 31
17 38
17 44
17 45
17 52
17 53
17 54
17 55
17 57
17 59
17 60
17 77
17 81
17 83
17 89
17 98
18 21
18 27
18 35
18 37
18 41
18 47
18 49
18 56
18 60
18 62
18 64
18 67
18 72
18 74
18 77
18 83
18 84
18 87
18 88
19 23
19 26
19 29
19 34
19 42
19 43
19 48
19 50
19 51
19 53
19 54
19 56
19 63
19 66
19 75
19 76
19 82
19 84
19 87
19 90
20 22
20 30
20 31
20 36
20 38
20 40
20 45
20 48
20 49
20 51
20 55
20 65
20 68
20 72
20 77
20 80
20 81
20 94
21 23
21 26
21 28
21 37
21 41
21 42
21 43
21 48
21 49
21 50
21 66
21 74
21 78
21 88
21 89
21 91
21 94
22 23
22 28
22 33
22 42
22 47
22 48
22 61
22 67
22 69
22 74
22 82
22 83
22 84
22 85
22 86
22 98
23 30
23 33
23 35
23 38
23 39
23 40
23 44
23 47
23 55
23 56
23 60
23 62
23 67
23 82
23 91
23 97
24 28
24 30
24 31
24 33
24 35
24 37
24 46
24 48
24 61
24 62
24 72
24 75
24 77
24 81
24 87
24 92
24 93
24 99
25 26
25 27
25 39
25 45
25 48
25 50
25 53
25 54
25 56
25 57
25 60
25 61
25 62
25 64
25 66
25 72
25 77
25 80
25 82
25 89
25 90
26 35
26 36
26 40
26 41
26 46
26 62
26 64
26 67
26 70
26 71
26 74
26 77
26 84
26 85
26 90
26 91
26 94
26 95
26 96
27 43
27 44
27 52
27 54
27 55
27 57
27 60
27 61
27 71
27 74
27 75
27 77
27 81
27 86
27 89
27 92
27 93
27 94
27 95
27 98
28 31
28 34
28 41
28 42
28 48
28 52
28 57
28 64
28 73
28 77
28 84
28 86
28 89
28 92
28 93
28 98
29 34
29 42
29 50
29 56
29 57
29 59
29 66
29 67
29 69
29 73
29 74
29 75
29 82
29 83
29 84
29 87
29 89
29 93
29 95
29 97
30 32
30 37
30 42
30 49
30 51
30 55
30 59
30 65
30 75
30 76
30 79
30 80
30 82
30 94
30 97
30 99
31 36
31 44
31 48
31 51
31 52
31 55
31 61
31 66
31 72
31 73
31 81
31 84
31 89
31 90
31 92
31 99
32 41
32 43
32 46
32 48
32 51
32 53
32 56
32 60
32 64
32 70
32 71
32 74
32 75
32 76
32 78
32 81
32 88
32 89
32 91
32 92
32 94
33 34
33 35
33 36
33 37
33 40
33 44
33 50
33 52
33 56
33 58
33 60
33 68
33 70
33 72
33 76
33 83
33 85
33 94
34 38
34 42
34 50
34 59
34 61
34 63
34 64
34 68
34 73
34 76
34 79
34 81
34 82
34 88
34 93
34 96
34 98
35 36
35 38
35 40
35 48
35 52
35 53
35 57
35 63
35 64
35 66
35 71
35 75
35 80
35 81
35 84
35 86
35 88
35 91
36 37
36 38
36 40
36 43
36 44
36 45
36 47
36 49
36 55
36 59
36 69
36 71
36 72
36 90
36 91
36 92
36 95
37 39
37 41
37 45
37 48
37 52
37 55
37 57
37 58
37 65
37 66
37 79
37 80
37 87
37 90
38 41
38 49
38 50
38 53
38 55
38 57
38 58
38 67
38 70
38 79
38 84
38 96
38 98
39 47
39 51
39 59
39 64
39 70
39 71
39 72
39 79
39 81
39 84
39 86
39 91
39 92
39 94
39 97
39 98
39 99
40 42
40 44
40 48
40 51
40 52
40 54
40 58
40 62
40 63
40 78
40 82
40 86
40 88
40 90
40 95
41 49
41 50
41 51
41 56
41 60
41 69
41 73
41 75
41 77
41 84
41 85
41 89
41 91
41 99
42 45
42 46
42 47
42 48
42 56
42 59
42 70
42 73
42 76
42 77
42 80
42 94
42 96
43 45
43 46
43 47
43 51
43 62
43 63
43 64
43 73
43 74
43 76
43 78
43 87
43 89
43 90
43 91
43 95
43 97
43 98
44 48
44 53
44 56
44 57
44 58
44 61
44 66
44 67
44 68
44 78
44 79
44 83
44 85
44 86
44 88
45 48
45 49
45 55
45 64
45 76
45 86
45 94
45 98
46 47
46 50
46 53
46 63
46 69
46 70
46 76
46 78
46 85
46 86
46 93
46 94
46 95
46 98
47 49
47 54
47 55
47 57
47 59
47 64
47 69
47 74
47 78
47 87
47 89
47 93
47 96
48 56
48 71
48 73
48 83
48 87
48 89
48 96
49 52
49 53
49 54
49 70
49 79
49 80
49 86
49 90
49 95
49 96
49 98
49 99
50 58
50 59
50 61
50 65
50 77
50 81
50 83
50 90
50 95
50 96
50 99
51 52
51 60
51 67
51 68
51 69
51 71
51 73
51 82
51 87
51 88
51 92
51 98
52 56
52 59
52 62
52 68
52 71
52 74
52 83
52 85
52 86
52 91
53 58
53 60
53 63
53 65
53 69
53 71
53 77
53 78
53 84
53 90
53 93
53 98
53 99
54 55
54 56
54 61
54 63
54 69
54 71
54 72
54 78
54 80
54 81
54 83
54 87
54 94
54 98
55 56
55 59
55 65
55 72
55 73
55 75
55 76
55 90
55 91
55 92
55 93
56 59
56 65
56 74
56 76
56 79
56 82
56 83
56 87
56 96
57 60
57 65
57 80
57 81
57 87
57 97
58 59
58 60
58 61
58 65
58 67
58 75
58 76
58 83
58 84
58 86
58 88
58 95
58 99
59 61
59 68
59 72
59 83
59 85
59 86
59 88
59 89
59 96
59 97
59 99
60 64
60 69
60 70
60 73
60 80
60 81
60 86
60 93
60 95
60 96
60 97
61 62
61 64
61 66
61 70
61 73
61 74
61 79
61 88
61 93
62 64
62 66
62 67
62 68
62 69
62 71
62 73
62 78
62 81
62 82
62 88
62 96
62 97
63 67
63 69
63 72
63 75
63 92
63 93
63 95
63 96
63 99
64 75
64 77
64 78
64 82
64 85
64 92
64 96
65 67
65 68
65 78
65 82
65 84
65 86
65 94
66 69
66 70
66 72
66 73
66 80
66 82
66 94
67 76
67 78
67 81
67 83
67 86
67 90
67 91
67 95
67 97
67 98
68 69
68 70
68 71
68 79
68 83
68 85
68 87
68 90
69 72
69 77
69 85
69 89
69 91
70 71
70 74
70 77
70 79
70 80
70 84
70 85
70 89
70 95
70 98
71 76
71 88
71 89
71 90
71 92
71 95
71 97
72 77
72 79
72 84
72 85
72 95
72 97
72 98
73 78
73 80
73 81
73 85
73 87
73 88
74 76
74 80
74 81
74 88
74 89
74 90
74 92
74 96
75 82
75 87
75 88
75 92
75 93
75 95
75 96
75 99
76 79
76 85
76 91
76 92
77 83
77 84
77 87
77 90
77 95
77 99
78 80
78 81
78 85
78 86
78 89
78 93
79 83
79 85
79 88
79 89
79 92
79 94
79 97
80 84
80 85
80 92
80 95
80 98
80 99
81 84
81 89
81 90
81 96
82 83
82 92
82 93
82 97
82 99
83 85
83 89
83 96
84 88
84 91
84 92
84 96
84 98
85 91
85 94
86 88
86 95
86 98
87 88
87 91
87 92
87 97
87 98
88 93
88 96
88 97
88 98
89 93
90 92
91 93
91 99
92 97
92 99
93 94
94 96
94 97
94 99
95 98
96 97
96 99
98 99
