100 1300 0.26262626262626265 26 26
0 13
0 17
0 18
0 19
0 23
0 26
0 33
0 39
0 40
0 42
0 46
0 51
0 54
0 66
0 70
0 74
0 75
0 76
0 77
0 84
0 86
0 87
0 91
0 93
0 96
0 98
1 3
1 5
1 8
1 11
1 13
1 17
1 19
1 23
1 27
1 31
1 36
1 38
1 41
1 42
1 50
1 56
1 62
1 71
1 72
1 74
1 79
1 81
1 89
1 90
1 92
1 94
2 3
2 5
2 8
2 11
2 14
2 24
2 27
2 33
2 34
2 35
2 36
2 39
2 43
2 47
2 49
2 56
2 64
2 66
2 67
2 68
2 72
2 75
2 78
2 80
2 94
2 95
3 9
3 10
3 12
3 15
3 17
3 28
3 43
3 44
3 47
3 48
3 50
3 58
3 59
3 61
3 65
3 69
3 75
3 78
3 82
3 88
3 89
3 93
3 94
3 98
4 7
4 8
4 18
4 19
4 20
4 22
4 24
4 25
4 27
4 30
4 39
4 44
4 50
4 58
4 60
4 62
4 63
4 66
4 71
4 78
4 85
4 87
4 89
4 92
4 95
4 96
5 7
5 8
5 24
5 28
5 32
5 33
5 37
5 39
5 40
5 45
5 46
5 48
5 50
5 55
5 56
5 57
5 64
5 71
5 80
5 85
5 88
5 92
5 95
5 96
6 8
6 11
6 12
6 18
6 22
6 28
6 34
6 35
6 38
6 39
6 44
6 45
6 56
6 60
6 63
6 65
6 67
6 68
6 69
6 73
6 75
6 76
6 86
6 87
6 96
6 97
7 11
7 17
7 18
7 20
7 24
7 26
7 29
7 33
7 36
7 45
7 46
7 47
7 54
7 59
7 60
7 66
7 74
7 75
7 77
7 78
7 82
7 86
7 97
7 98
8 11
8 14
8 22
8 27
8 33
8 36
8 37
8 39
8 43
8 51
8 52
8 56
8 60
8 67
8 69
8 83
8 84
8 86
8 87
8 94
8 96
9 10
9 13
9 14
9 22
9 25
9 30
9 33
9 35
9 36
9 39
9 47
9 48
9 53
9 54
9 57
9 62
9 64
9 67
9 70
9 75
9 76
9 82
9 91
9 93
9 98
10 12
10 17
10 20
10 22
10 26
10 32
10 33
10 36
10 40
10 43
10 46
10 49
10 50
10 52
10 57
10 61
10 64
10 67
10 75
10 84
10 88
10 92
10 98
10 99
11 14
11 20
11 25
11 34
11 38
11 40
11 43
11 48
11 49
11 54
11 72
11 73
11 74
11 76
11 78
11 80
11 84
11 87
11 94
11 97
11 98
12 25
12 29
12 31
12 32
12 34
12 35
12 36
12 37
12 41
12 44
12 45
12 50
12 52
12 59
12 65
12 68
12 76
12 81
12 85
12 86
12 87
12 88
12 89
13 17
13 20
13 21
13 25
13 37
13 38
13 39
13 40
13 43
13 50
13 53
13 60
13 61
13 63
13 66
13 68
13 78
13 79
13 83
13 89
13 97
13 98
13 99
14 17
14 18
14 21
14 24
14 27
14 30
14 32
14 34
14 38
14 39
14 40
14 42
14 52
14 56
14 58
14 60
14 66
14 69
14 75
14 78
14 80
14 96
15 21
15 23
15 24
15 29
15 31
15 36
15 37
15 38
15 45
15 46
15 49
15 53
15 61
15 62
15 67
15 73
15 74
15 75
15 77
15 78
15 82
15 83
15 85
15 90
15 94
16 20
16 27
16 28
16 30
16 37
16 38
16 41
16 45
16 47
16 52
16 54
16 56
16 57
16 64
16 65
16 67
16 71
16 75
16 79
16 80
16 85
16 86
16 89
16 90
16 92
16 99
17 20
17 21
17 22
17 25
17 27
17 28
17 39
17 41
17 44
17 50
17 51
17 60
17 63
17 65
17 68
17 72
17 82
17 83
17 99
18 19
18 25
18 26
18 29
18 33
18 43
18 47
18 52
18 57
18 62
18 64
18 69
18 73
18 78
18 79
18 86
18 88
18 89
18 91
18 93
18 97
19 21
19 22
19 24
19 26
19 31
19 34
19 35
19 37
19 42
19 43
19 45
19 57
19 59
19 64
19 70
19 78
19 79
19 80
19 82
19 87
19 89
19 99
20 28
20 29
20 34
20 35
20 38
20 50
20 51
20 58
20 62
20 69
20 71
20 73
20 76
20 77
20 79
20 84
20 87
20 91
20 96
21 28
21 31
21 33
21 34
21 35
21 37
21 39
21 44
21 46
21 47
21 53
21 57
21 58
21 61
21 62
21 69
21 72
21 78
21 86
21 94
21 96
22 30
22 32
22 40
22 46
22 47
22 50
22 61
22 62
22 63
22 64
22 65
22 71
22 75
22 81
22 84
22 86
22 88
22 93
22 99
23 28
23 30
23 31
23 32
23 38
23 39
23 45
23 49
23 54
23 61
23 62
23 68
23 74
23 75
23 76
23 77
23 82
23 85
23 87
23 88
23 91
23 92
23 97
24 25
24 32
24 38
24 40
24 44
24 45
24 50
24 55
24 59
24 62
24 66
24 68
24 79
24 81
24 82
24 87
24 91
24 95
24 98
25 30
25 31
25 40
25 44
25 46
25 48
25 57
25 59
25 63
25 64
25 69
25 74
25 79
25 89
25 90
25 92
25 95
25 97
26 30
26 40
26 46
26 51
26 52
26 53
26 55
26 56
26 57
26 58
26 60
26 63
26 66
26 68
26 73
26 77
26 80
26 82
26 83
26 86
26 98
27 29
27 31
27 32
27 37
27 38
27 41
27 50
27 53
27 55
27 58
27 60
27 61
27 63
27 82
27 84
27 86
27 93
27 98
27 99
28 29
28 30
28 33
28 37
28 40
28 44
28 48
28 49
28 53
28 65
28 68
28 71
28 74
28 79
28 90
28 92
28 96
28 97
29 33
29 36
29 38
29 39
29 45
29 48
29 54
29 68
29 69
29 70
29 71
29 75
29 80
29 81
29 82
29 89
29 94
29 95
29 99
30 32
30 43
30 47
30 51
30 53
30 54
30 56
30 59
30 61
30 70
30 73
30 76
30 78
30 79
30 82
30 95
30 98
31 33
31 34
31 35
31 36
31 44
31 45
31 50
31 51
31 57
31 64
31 65
31 70
31 72
31 73
31 83
31 90
31 94
31 99
32 33
32 45
32 47
32 49
32 52
32 55
32 56
32 58
32 71
32 77
32 80
32 82
32 87
32 90
32 91
32 94
32 95
33 34
33 43
33 49
33 51
33 57
33 60
33 63
33 65
33 66
33 67
33 81
33 82
33 87
34 35
34 40
34 46
34 47
34 50
34 51
34 66
34 72
34 74
34 81
34 82
34 83
34 84
34 90
34 91
34 92
35 39
35 41
35 42
35 44
35 48
35 51
35 55
35 59
35 62
35 64
35 67
35 72
35 74
35 80
35 84
35 93
35 99
36 42
36 61
36 62
36 64
36 69
36 70
36 71
36 74
36 75
36 78
36 79
36 85
36 86
36 91
36 94
36 96
37 45
37 52
37 53
37 54
37 55
37 61
37 65
37 69
37 70
37 71
37 87
37 90
37 92
37 93
37 94
37 96
38 41
38 42
38 47
38 48
38 52
38 56
38 60
38 64
38 73
38 74
38 79
38 89
38 90
38 91
39 49
39 56
39 61
39 62
39 65
39 67
39 68
39 83
39 86
39 87
39 89
39 91
40 46
40 48
40 49
40 51
40 52
40 55
40 61
40 64
40 72
40 75
40 81
40 82
40 86
40 96
41 44
41 48
41 50
41 55
41 56
41 59
41 64
41 68
41 70
41 71
41 73
41 75
41 76
41 80
41 83
41 84
41 85
41 89
41 98
42 44
42 45
42 53
42 54
42 56
42 57
42 59
42 63
42 65
42 70
42 71
42 77
42 79
42 80
42 81
42 83
42 84
42 89
42 97
43 46
43 48
43 53
43 58
43 65
43 67
43 69
43 71
43 83
43 84
43 87
43 90
43 92
43 96
43 97
43 99
44 47
44 49
44 52
44 54
44 56
44 61
44 73
44 74
44 77
44 78
44 79
44 80
44 81
45 48
45 50
45 51
45 58
45 63
45 70
45 71
45 79
45 85
45 90
45 95
45 99
46 48
46 54
46 55
46 64
46 67
46 71
46 75
46 76
46 81
46 87
46 89
46 93
46 94
46 98
47 54
47 57
47 59
47 63
47 68
47 70
47 77
47 80
47 81
47 82
47 84
47 93
47 99
48 61
48 62
48 63
48 65
48 68
48 69
48 71
48 72
48 79
48 83
48 91
48 93
49 51
49 52
49 57
49 60
49 63
49 77
49 82
49 83
49 88
49 89
49 93
49 94
49 95
49 97
49 99
50 51
50 54
50 66
50 70
50 71
50 74
50 75
50 86
50 88
50 94
51 59
51 62
51 63
51 72
51 73
51 76
51 77
51 82
51 84
51 86
51 88
51 94
52 54
52 55
52 61
52 64
52 72
52 77
52 81
52 82
52 83
52 89
52 96
52 98
52 99
53 54
53 58
53 59
53 63
53 67
53 70
53 73
53 76
53 81
53 83
53 86
53 91
53 92
53 94
53 95
54 55
54 62
54 66
54 70
54 81
54 84
54 85
54 87
54 89
54 99
55 58
55 66
55 69
55 71
55 73
55 75
55 76
55 78
55 79
55 84
55 85
55 91
55 95
55 96
56 62
56 63
56 68
56 70
56 72
56 74
56 76
56 77
56 94
56 95
56 97
57 58
57 59
57 61
57 65
57 67
57 85
57 87
57 88
57 89
57 92
57 93
57 95
58 63
58 68
58 69
58 70
58 74
58 77
58 84
58 85
58 88
58 93
58 95
58 96
58 97
59 61
59 67
59 69
59 72
59 83
59 84
59 86
59 87
59 88
59 92
59 93
59 96
60 65
60 66
60 67
60 68
60 69
60 73
60 78
60 79
60 80
60 81
60 90
60 92
60 93
60 97
61 65
61 67
61 72
61 77
61 78
61 81
61 88
61 89
62 67
62 68
62 77
62 80
62 83
62 89
62 94
62 95
62 98
63 64
63 65
63 66
63 69
63 74
63 79
63 80
63 86
64 65
64 66
64 68
64 74
64 78
64 81
64 82
64 85
65 66
65 67
65 72
65 80
65 84
65 95
65 97
66 68
66 74
66 79
66 80
66 83
66 86
66 88
66 90
66 91
67 69
67 70
67 73
67 81
67 86
67 88
67 90
68 71
68 80
68 89
68 96
68 97
68 98
69 74
69 85
69 87
69 90
69 91
69 92
69 99
70 71
70 72
70 76
70 82
70 83
70 95
70 97
70 98
71 74
71 80
71 88
71 91
71 98
72 75
72 78
72 80
72 81
72 84
72 85
72 88
72 90
72 96
73 75
73 76
73 78
73 82
73 84
73 85
73 92
73 94
73 96
73 98
74 87
74 91
74 93
74 96
74 97
75 91
75 92
75 93
75 97
75 98
76 77
76 78
76 80
76 81
76 83
76 84
76 86
76 93
76 95
76 99
77 78
77 79
77 81
77 83
77 85
77 91
77 95
77 98
78 79
78 84
78 92
78 99
79 88
79 90
79 91
79 96
80 88
80 92
80 99
81 83
81 86
81 87
81 97
82 87
82 92
82 99
83 85
83 94
83 95
83 97
84 85
84 97
84 99
85 86
85 88
85 93
85 95
85 96
85 99
86 87
86 90
87 93
87 99
88 90
88 91
88 92
88 93
88 98
89 94
89 95
89 97
89 98
90 91
90 92
90 94
90 95
90 97
90 98
91 92
91 93
91 96
92 93
92 98
93 94
93 99
94 96
94 99
95 97
95 98
96 97
