100 1350 0.2727272727272727 27 27
0 6
0 14
0 16
0 17
0 18
0 28
0 31
0 37
0 41
0 42
0 43
0 48
0 52
0 53
0 56
0 65
0 70
0 71
0 73
0 81
0 83
0 85
0 91
0 92
0 93
0 95
0 99
1 4
1 12
1 14
1 15
1 23
1 29
1 31
1 32
1 34
1 35
1 37
1 38
1 42
1 43
1 52
1 54
1 55
1 63
1 74
1 75
1 76
1 84
1 85
1 88
1 96
1 97
1 99
2 4
2 5
2 8
2 9
2 13
2 15
2 23
2 29
2 32
2 37
2 42
2 46
2 50
2 57
2 58
2 61
2 69
2 71
2 78
2 81
2 82
2 83
2 88
2 93
2 94
2 95
2 98
3 9
3 19
3 20
3 22
3 25
3 26
3 30
3 38
3 43
3 44
3 45
3 46
3 48
3 56
3 65
3 66
3 67
3 70
3 74
3 77
3 79
3 81
3 90
3 92
3 94
3 96
3 99
4 7
4 14
4 15
4 16
4 21
4 27
4 29
4 35
4 37
4 38
4 39
4 47
4 59
4 60
4 61
4 66
4 74
4 82
4 86
4 87
4 93
4 95
4 97
4 98
4 99
5 7
5 11
5 16
5 17
5 22
5 23
5 32
5 33
5 52
5 55
5 57
5 61
5 64
5 66
5 72
5 73
5 74
5 76
5 79
5 80
5 82
5 84
5 87
5 88
5 90
5 94
6 16
6 17
6 18
6 20
6 25
6 28
6 35
6 37
6 39
6 40
6 42
6 48
6 52
6 60
6 62
6 69
6 72
6 79
6 80
6 83
6 85
6 86
6 91
6 92
6 94
6 98
7 12
7 14
7 15
7 20
7 23
7 31
7 35
7 38
7 40
7 43
7 45
7 46
7 48
7 53
7 54
7 57
7 61
7 67
7 68
7 70
7 77
7 78
7 79
7 81
7 89
8 10
8 12
8 20
8 24
8 25
8 27
8 28
8 30
8 42
8 44
8 45
8 46
8 47
8 48
8 54
8 59
8 61
8 71
8 73
8 84
8 86
8 91
8 94
8 96
8 97
8 99
9 10
9 15
9 18
9 19
9 20
9 26
9 27
9 43
9 47
9 48
9 49
9 50
9 53
9 54
9 56
9 58
9 70
9 74
9 75
9 76
9 80
9 84
9 87
9 90
9 98
10 17
10 22
10 24
10 27
10 28
10 29
10 32
10 33
10 44
10 47
10 50
10 51
10 63
10 65
10 71
10 74
10 75
10 79
10 83
10 85
10 86
10 87
10 95
10 96
10 98
11 12
11 20
11 22
11 26
11 27
11 30
11 34
11 40
11 46
11 49
11 50
11 53
11 54
11 56
11 57
11 60
11 61
11 64
11 67
11 70
11 72
11 75
11 76
11 83
11 97
11 98
12 14
12 20
12 22
12 29
12 40
12 42
12 45
12 46
12 48
12 53
12 60
12 63
12 64
12 66
12 72
12 78
12 85
12 86
12 87
12 89
12 93
12 98
12 99
13 14
13 19
13 28
13 29
13 30
13 31
13 32
13 33
13 34
13 37
13 38
13 39
13 40
13 49
13 55
13 60
13 62
13 68
13 73
13 74
13 77
13 79
13 81
13 89
13 91
13 93
14 16
14 22
14 23
14 27
14 33
14 35
14 36
14 50
14 52
14 57
14 58
14 63
14 65
14 67
14 76
14 79
14 80
14 81
14 87
14 88
14 90
15 17
15 19
15 28
15 29
15 30
15 31
15 35
15 44
15 46
15 54
15 55
15 56
15 59
15 65
15 68
15 77
15 79
15 86
15 91
15 93
15 96
15 98
16 19
16 30
16 31
16 32
16 33
16 36
16 41
16 48
16 49
16 60
16 66
16 67
16 69
16 70
16 71
16 73
16 75
16 85
16 89
16 92
16 95
16 98
17 19
17 21
17 31
17 37
17 38
17 41
17 56
17 62
17 63
17 64
17 66
17 70
17 73
17 76
17 78
17 80
17 81
17 82
17 86
17 90
17 96
17 99
18 21
18 25
18 27
18 30
18 31
18 32
18 35
18 36
18 40
18 52
18 53
18 55
18 56
18 62
18 72
18 77
18 79
18 84
18 85
18 88
18 91
18 93
18 95
18 99
19 22
19 23
19 26
19 28
19 29
19 32
19 37
19 42
19 43
19 44
19 45
19 51
19 58
19 65
19 72
19 74
19 77
19 80
19 93
19 95
19 97
20 24
20 25
20 40
20 42
20 44
20 46
20 52
20 59
20 68
20 69
20 70
20 76
20 78
20 79
20 80
20 83
20 84
20 91
20 92
20 96
21 23
21 24
21 27
21 29
21 34
21 37
21 38
21 44
21 55
21 56
21 58
21 60
21 63
21 64
21 66
21 68
21 69
21 75
21 76
21 80
21 89
21 91
21 92
21 95
22 30
22 32
22 42
22 49
22 50
22 51
22 52
22 54
22 57
22 59
22 61
22 64
22 69
22 78
22 87
22 88
22 91
22 92
22 93
22 94
23 28
23 34
23 35
23 36
23 41
23 44
23 47
23 53
23 54
23 55
23 61
23 65
23 67
23 68
23 72
23 79
23 84
23 90
23 92
23 97
24 30
24 33
24 37
24 43
24 46
24 53
24 54
24 57
24 64
24 68
24 70
24 73
24 74
24 75
24 76
24 81
24 82
24 83
24 85
24 86
24 90
24 92
24 94
25 28
25 35
25 45
25 47
25 54
25 55
25 57
25 58
25 59
25 60
25 63
25 68
25 69
25 70
25 72
25 73
25 74
25 75
25 79
25 80
25 88
25 98
26 35
26 40
26 42
26 43
26 47
26 50
26 52
26 54
26 57
26 59
26 60
26 61
26 62
26 67
26 69
26 70
26 75
26 78
26 79
26 81
26 86
26 89
26 93
27 28
27 31
27 40
27 44
27 46
27 50
27 52
27 54
27 56
27 59
27 63
27 64
27 68
27 72
27 73
27 82
27 83
27 86
27 92
28 36
28 40
28 43
28 44
28 52
28 54
28 56
28 59
28 60
28 63
28 67
28 71
28 75
28 77
28 82
28 87
28 94
29 32
29 33
29 34
29 47
29 54
29 55
29 58
29 66
29 68
29 71
29 74
29 77
29 80
29 84
29 85
29 87
29 92
29 97
30 33
30 35
30 36
30 38
30 39
30 44
30 45
30 49
30 67
30 69
30 71
30 72
30 74
30 86
30 94
30 97
30 98
30 99
31 32
31 34
31 37
31 45
31 51
31 53
31 54
31 55
31 60
31 62
31 71
31 76
31 81
31 84
31 88
31 92
31 97
31 98
32 34
32 36
32 38
32 40
32 41
32 49
32 51
32 62
32 63
32 70
32 72
32 75
32 76
32 78
32 81
32 86
33 37
33 41
33 42
33 43
33 45
33 50
33 51
33 56
33 61
33 62
33 65
33 68
33 77
33 78
33 82
33 84
33 85
33 97
33 98
34 51
34 52
34 56
34 60
34 64
34 65
34 67
34 71
34 72
34 75
34 76
34 78
34 81
34 84
34 85
34 96
34 97
34 98
34 99
35 38
35 39
35 45
35 51
35 63
35 65
35 67
35 71
35 77
35 78
35 82
35 83
35 84
35 91
35 93
35 96
36 38
36 40
36 45
36 50
36 52
36 57
36 59
36 60
36 67
36 70
36 77
36 78
36 81
36 82
36 84
36 87
36 89
36 92
36 95
36 97
37 39
37 40
37 50
37 60
37 67
37 68
37 73
37 74
37 77
37 78
37 83
37 92
37 93
37 96
37 98
38 45
38 48
38 50
38 53
38 56
38 60
38 71
38 73
38 76
38 77
38 78
38 86
38 91
38 93
38 95
38 99
39 41
39 43
39 47
39 50
39 52
39 53
39 55
39 57
39 64
39 65
39 69
39 71
39 76
39 80
39 86
39 88
39 91
39 95
39 96
39 97
39 99
40 41
40 46
40 49
40 61
40 67
40 68
40 71
40 73
40 74
40 75
40 76
40 80
40 85
40 88
41 47
41 54
41 63
41 66
41 75
41 76
41 77
41 79
41 80
41 81
41 83
41 85
41 86
41 88
41 89
41 90
41 91
41 96
41 98
42 44
42 48
42 49
42 50
42 53
42 56
42 60
42 62
42 68
42 69
42 72
42 77
42 86
42 88
42 89
42 95
43 44
43 47
43 54
43 55
43 56
43 59
43 61
43 62
43 64
43 65
43 68
43 73
43 74
43 87
43 88
43 94
44 46
44 48
44 58
44 68
44 69
44 71
44 72
44 88
44 91
44 92
44 93
44 94
44 95
44 99
45 50
45 57
45 59
45 60
45 62
45 66
45 67
45 76
45 85
45 87
45 89
45 94
45 95
45 96
45 97
46 47
46 50
46 57
46 58
46 64
46 69
46 70
46 76
46 84
46 89
46 91
46 92
46 94
46 97
46 99
47 48
47 49
47 53
47 55
47 66
47 67
47 72
47 75
47 77
47 81
47 83
47 85
47 97
47 98
47 99
48 50
48 51
48 56
48 65
48 66
48 70
48 73
48 76
48 77
48 80
48 82
48 84
48 89
48 90
48 95
49 51
49 52
49 54
49 57
49 60
49 64
49 65
49 69
49 73
49 77
49 79
49 80
49 84
49 87
49 88
49 92
49 95
50 51
50 65
50 67
50 77
50 78
50 79
50 80
50 84
50 85
50 94
51 53
51 61
51 62
51 72
51 73
51 75
51 76
51 78
51 80
51 84
51 87
51 91
51 92
51 94
51 96
51 99
52 59
52 60
52 61
52 73
52 74
52 75
52 79
52 82
52 83
52 91
52 92
52 97
53 57
53 58
53 63
53 64
53 70
53 71
53 73
53 74
53 77
53 78
53 80
53 82
53 83
54 57
54 68
54 69
54 78
54 80
54 82
54 84
54 87
54 88
55 56
55 58
55 59
55 63
55 64
55 70
55 74
55 75
55 86
55 89
55 90
55 95
55 97
55 99
56 61
56 65
56 71
56 73
56 74
56 75
56 85
56 88
56 98
56 99
57 58
57 59
57 61
57 67
57 69
57 74
57 81
57 83
57 90
57 95
57 99
58 59
58 61
58 62
58 63
58 66
58 73
58 77
58 78
58 79
58 81
58 85
58 90
58 91
58 96
58 99
59 61
59 73
59 77
59 78
59 83
59 86
59 87
59 89
59 91
59 92
59 98
60 74
60 76
60 82
60 83
60 91
60 95
60 96
60 98
61 64
61 72
61 78
61 81
61 82
61 84
61 88
61 93
61 98
62 63
62 67
62 69
62 70
62 71
62 72
62 78
62 81
62 86
62 88
62 89
62 92
62 93
62 94
63 65
63 67
63 68
63 73
63 78
63 79
63 85
63 87
63 95
63 96
63 98
64 68
64 70
64 72
64 73
64 76
64 79
64 80
64 92
64 93
64 95
64 96
65 69
65 70
65 72
65 75
65 78
65 80
65 86
65 87
65 89
65 94
66 67
66 68
66 69
66 79
66 80
66 81
66 85
66 89
66 90
66 91
66 93
66 95
66 96
66 97
67 70
67 71
67 72
67 78
67 88
67 97
68 75
68 77
68 84
68 89
68 93
68 95
68 99
69 75
69 82
69 83
69 84
69 87
69 88
69 90
69 98
70 71
70 82
70 83
70 90
70 92
70 97
71 81
71 82
71 87
71 88
71 94
71 96
71 97
72 75
72 79
72 80
72 91
72 94
72 98
73 79
73 80
73 84
73 86
74 78
74 82
74 87
74 93
74 95
74 99
75 81
75 87
75 90
75 98
76 83
76 87
76 88
76 89
76 90
77 79
77 90
77 94
77 96
78 95
79 84
79 85
79 88
80 90
80 92
80 94
81 82
81 83
81 91
81 93
81 96
82 87
82 90
82 91
82 93
82 94
82 97
83 84
83 88
83 89
83 90
83 98
83 99
84 93
84 96
85 86
85 90
85 91
85 93
85 96
85 97
86 87
86 88
86 89
86 90
86 95
87 89
87 99
88 94
89 90
89 92
89 93
89 94
89 96
90 91
90 95
90 96
91 94
92 94
92 99
93 97
93 98
94 99
96 97
97 99
