100 1400 0.2828282828282828 28 28
0 1
0 3
0 4
0 12
0 13
0 18
0 19
0 30
0 33
0 37
0 42
0 43
0 47
0 57
0 58
0 60
0 61
0 62
0 64
0 67
0 77
0 79
0 81
0 83
0 87
0 89
0 91
0 95
1 2
1 3
1 4
1 5
1 6
1 9
1 13
1 17
1 31
1 35
1 39
1 41
1 43
1 45
1 51
1 52
1 56
1 65
1 66
1 71
1 73
1 74
1 81
1 82
1 90
1 91
1 99
2 5
2 15
2 19
2 20
2 21
2 22
2 23
2 24
2 33
2 34
2 40
2 47
2 49
2 53
2 55
2 58
2 65
2 66
2 67
2 68
2 70
2 73
2 74
2 77
2 79
2 80
2 85
3 7
3 10
3 14
3 18
3 25
3 34
3 42
3 44
3 45
3 47
3 49
3 51
3 53
3 55
3 56
3 57
3 60
3 67
3 75
3 76
3 80
3 82
3 88
3 89
3 96
3 99
4 11
4 12
4 17
4 19
4 25
4 26
4 28
4 29
4 30
4 32
4 41
4 49
4 52
4 53
4 56
4 59
4 65
4 67
4 70
4 77
4 80
4 84
4 85
4 87
4 96
4 98
5 14
5 25
5 27
5 28
5 29
5 30
5 34
5 36
5 37
5 40
5 43
5 54
5 57
5 58
5 63
5 64
5 66
5 69
5 75
5 79
5 83
5 84
5 86
5 92
5 93
5 97
6 7
6 11
6 12
6 13
6 15
6 16
6 23
6 25
6 31
6 38
6 43
6 46
6 47
6 50
6 51
6 59
6 62
6 68
6 70
6 72
6 73
6 74
6 77
6 80
6 82
6 86
6 88
7 10
7 14
7 15
7 22
7 26
7 28
7 31
7 32
7 35
7 37
7 40
7 44
7 50
7 58
7 64
7 67
7 73
7 74
7 75
7 77
7 83
7 87
7 91
7 93
7 95
7 99
8 10
8 15
8 17
8 22
8 26
8 29
8 31
8 34
8 36
8 37
8 39
8 41
8 42
8 45
8 48
8 50
8 54
8 64
8 69
8 72
8 78
8 82
8 85
8 86
8 88
8 90
8 93
8 99
9 14
9 15
9 16
9 18
9 27
9 35
9 36
9 41
9 44
9 48
9 49
9 53
9 56
9 57
9 60
9 62
9 63
9 69
9 70
9 75
9 80
9 83
9 85
9 89
9 93
9 95
9 97
10 27
10 30
10 31
10 32
10 33
10 39
10 40
10 42
10 47
10 48
10 52
10 59
10 63
10 68
10 70
10 72
10 74
10 75
10 77
10 78
10 80
10 85
10 86
10 90
10 94
11 20
11 25
11 26
11 27
11 32
11 33
11 34
11 40
11 41
11 43
11 49
11 54
11 60
11 65
11 66
11 68
11 72
11 78
11 79
11 85
11 86
11 90
11 93
11 95
11 96
11 97
12 14
12 17
12 18
12 20
12 21
12 22
12 23
12 30
12 31
12 34
12 37
12 40
12 41
12 43
12 45
12 46
12 47
12 65
12 80
12 84
12 91
12 92
12 94
12 95
12 97
13 14
13 16
13 17
13 18
13 19
13 21
13 24
13 25
13 26
13 29
13 31
13 42
13 44
13 53
13 57
13 60
13 64
13 69
13 73
13 80
13 82
13 84
13 89
13 90
13 97
14 15
14 17
14 18
14 21
14 23
14 27
14 36
14 41
14 44
14 54
14 55
14 57
14 64
14 67
14 69
14 77
14 79
14 80
14 91
14 93
14 95
14 98
15 16
15 25
15 27
15 31
15 33
15 34
15 39
15 43
15 44
15 45
15 48
15 56
15 58
15 59
15 61
15 62
15 63
15 68
15 76
15 79
15 82
15 95
16 18
16 19
16 22
16 29
16 33
16 39
16 46
16 47
16 49
16 51
16 52
16 53
16 59
16 61
16 64
16 65
16 66
16 70
16 74
16 79
16 83
16 84
16 91
16 99
17 20
17 22
17 23
17 24
17 27
17 29
17 30
17 31
17 35
17 43
17 45
17 54
17 59
17 62
17 66
17 68
17 71
17 76
17 84
17 91
17 94
17 96
18 23
18 32
18 40
18 41
18 43
18 48
18 58
18 62
18 64
18 65
18 69
18 70
18 84
18 85
18 87
18 88
18 91
18 92
18 94
18 97
18 99
19 20
19 23
19 25
19 31
19 35
19 40
19 42
19 43
19 44
19 52
19 54
19 56
19 57
19 58
19 60
19 62
19 72
19 86
19 88
19 90
19 91
19 93
19 96
20 23
20 25
20 28
20 31
20 32
20 34
20 37
20 49
20 51
20 53
20 54
20 57
20 62
20 63
20 64
20 74
20 75
20 77
20 78
20 88
20 91
20 96
20 98
21 31
21 34
21 35
21 37
21 40
21 43
21 46
21 47
21 52
21 53
21 55
21 57
21 59
21 62
21 66
21 71
21 80
21 82
21 83
21 84
21 86
21 87
21 89
21 93
22 23
22 27
22 31
22 36
22 37
22 42
22 48
22 52
22 56
22 57
22 61
22 62
22 63
22 67
22 69
22 70
22 71
22 79
22 81
22 90
22 92
22 94
23 31
23 34
23 36
23 37
23 39
23 40
23 48
23 53
23 54
23 55
23 58
23 72
23 80
23 83
23 88
23 89
23 90
23 97
23 99
24 37
24 39
24 44
24 51
24 58
24 61
24 62
24 63
24 64
24 67
24 70
24 71
24 73
24 76
24 78
24 79
24 80
24 86
24 87
24 89
24 90
24 91
24 94
24 95
24 98
25 27
25 35
25 42
25 43
25 44
25 45
25 53
25 61
25 63
25 68
25 69
25 73
25 76
25 77
25 81
25 82
25 86
25 89
25 96
26 28
26 36
26 45
26 49
26 55
26 56
26 57
26 63
26 64
26 65
26 70
26 71
26 72
26 75
26 76
26 83
26 86
26 87
26 88
26 90
26 95
26 96
26 98
27 29
27 35
27 44
27 49
27 53
27 58
27 59
27 62
27 68
27 77
27 82
27 83
27 84
27 91
27 92
27 94
27 95
27 97
27 99
28 29
28 33
28 35
28 36
28 39
28 44
28 48
28 52
28 54
28 55
28 62
28 63
28 66
28 68
28 71
28 73
28 75
28 77
28 78
28 87
28 88
28 95
28 96
29 30
29 35
29 36
29 37
29 41
29 45
29 48
29 51
29 60
29 62
29 66
29 67
29 68
29 69
29 73
29 78
29 79
29 82
29 85
29 92
30 31
30 36
30 38
30 40
30 43
30 45
30 50
30 54
30 55
30 64
30 66
30 76
30 77
30 80
30 81
30 82
30 87
30 90
30 94
30 97
30 98
31 33
31 36
31 37
31 43
31 46
31 49
31 63
31 70
31 72
31 79
31 80
31 83
31 90
32 34
32 36
32 38
32 44
32 48
32 50
32 52
32 55
32 59
32 61
32 67
32 68
32 71
32 73
32 74
32 75
32 79
32 82
32 89
32 92
32 93
32 95
33 36
33 39
33 43
33 46
33 48
33 51
33 52
33 70
33 71
33 72
33 73
33 81
33 82
33 84
33 87
33 89
33 90
33 94
33 96
33 98
34 36
34 38
34 40
34 42
34 49
34 53
34 56
34 58
34 59
34 66
34 67
34 81
34 83
34 90
34 92
34 96
34 97
35 36
35 46
35 47
35 48
35 58
35 59
35 63
35 68
35 70
35 71
35 74
35 82
35 87
35 88
35 91
35 95
35 98
35 99
36 39
36 41
36 46
36 49
36 52
36 54
36 61
36 62
36 67
36 79
36 87
36 97
36 99
37 43
37 45
37 50
37 55
37 57
37 58
37 59
37 62
37 63
37 64
37 75
37 78
37 85
37 87
37 94
37 99
38 43
38 45
38 48
38 49
38 50
38 51
38 57
38 58
38 59
38 60
38 61
38 65
38 67
38 70
38 74
38 75
38 76
38 79
38 84
38 85
38 88
38 91
38 93
38 97
39 41
39 48
39 51
39 52
39 55
39 56
39 59
39 61
39 69
39 72
39 75
39 76
39 83
39 84
39 86
39 89
39 92
39 99
40 41
40 43
40 45
40 48
40 49
40 53
40 54
40 56
40 60
40 63
40 69
40 76
40 78
40 80
40 87
40 97
41 47
41 49
41 51
41 57
41 60
41 69
41 71
41 72
41 74
41 76
41 78
41 81
41 90
41 93
41 98
41 99
42 44
42 47
42 50
42 53
42 54
42 56
42 59
42 60
42 61
42 63
42 65
42 67
42 73
42 78
42 79
42 83
42 87
42 94
42 96
43 59
43 61
43 64
43 72
43 73
43 78
43 93
43 97
43 98
43 99
44 49
44 55
44 58
44 60
44 65
44 69
44 74
44 76
44 77
44 84
44 88
44 89
44 90
44 94
44 95
45 47
45 48
45 50
45 51
45 55
45 58
45 61
45 76
45 77
45 79
45 85
45 95
45 96
45 97
45 99
46 49
46 50
46 54
46 55
46 59
46 60
46 62
46 63
46 65
46 70
46 72
46 73
46 75
46 76
46 79
46 80
46 81
46 85
46 90
46 96
47 52
47 63
47 65
47 67
47 68
47 72
47 73
47 76
47 77
47 81
47 84
47 87
47 88
47 90
47 92
47 95
48 52
48 55
48 61
48 65
48 71
48 79
48 80
48 81
48 86
48 93
48 94
48 99
49 53
49 56
49 57
49 65
49 67
49 68
49 69
49 85
49 88
49 92
49 96
50 51
50 60
50 64
50 65
50 67
50 68
50 69
50 71
50 72
50 75
50 79
50 83
50 84
50 85
50 90
50 95
50 97
50 98
51 52
51 56
51 57
51 60
51 62
51 66
51 72
51 73
51 79
51 83
51 86
51 88
51 91
51 92
51 97
52 53
52 56
52 59
52 62
52 67
52 77
52 78
52 86
52 87
52 88
52 91
52 92
52 93
53 56
53 58
53 65
53 66
53 70
53 75
53 84
53 85
53 89
53 91
53 92
53 98
54 55
54 60
54 62
54 63
54 68
54 69
54 78
54 80
54 82
54 89
54 90
54 93
54 94
54 98
55 56
55 57
55 61
55 62
55 64
55 71
55 72
55 74
55 82
55 92
55 93
55 94
56 58
56 64
56 67
56 75
56 77
56 81
56 82
56 88
56 89
56 90
56 99
57 66
57 67
57 68
57 69
57 72
57 83
57 86
57 92
57 93
57 94
57 98
58 59
58 65
58 74
58 76
58 79
58 87
58 89
58 92
58 97
58 98
59 70
59 79
59 81
59 82
59 84
59 87
59 94
59 96
59 99
60 63
60 64
60 66
60 74
60 77
60 82
60 85
60 86
60 92
60 93
60 96
60 98
61 65
61 67
61 68
61 69
61 70
61 73
61 74
61 75
61 77
61 80
61 86
61 93
61 98
62 68
62 77
62 82
62 84
62 88
62 96
62 99
63 65
63 66
63 74
63 78
63 81
63 85
63 89
63 95
63 96
64 65
64 66
64 76
64 78
64 81
64 82
64 83
64 86
64 94
64 97
65 66
65 70
65 72
65 73
65 83
65 94
65 95
66 76
66 78
66 79
66 85
66 86
66 89
66 90
66 93
66 95
66 96
67 69
67 85
67 86
67 87
67 92
67 93
67 98
68 71
68 72
68 75
68 76
68 81
68 88
68 89
68 94
68 96
69 75
69 76
69 77
69 81
69 82
69 89
69 90
69 96
69 99
70 71
70 74
70 76
70 78
70 84
70 89
70 91
70 94
70 97
71 75
71 77
71 80
71 83
71 84
71 86
71 87
71 88
71 91
71 94
71 98
71 99
72 73
72 78
72 81
72 85
72 91
72 92
72 96
72 99
73 75
73 79
73 80
73 84
73 87
73 88
73 91
73 93
73 97
74 79
74 81
74 83
74 85
74 87
74 88
74 91
74 92
74 93
74 94
75 76
75 79
75 86
75 88
75 90
75 92
75 99
76 78
76 80
76 84
76 85
76 87
76 90
77 81
77 84
77 89
77 92
77 95
77 97
78 81
78 84
78 85
78 87
78 89
78 91
78 95
78 98
79 85
79 88
80 83
80 89
80 91
80 95
80 98
80 99
81 82
81 83
81 86
81 87
81 88
81 93
81 98
82 83
82 86
82 94
82 98
82 99
83 85
83 89
83 90
83 94
83 97
84 92
84 95
84 96
84 99
85 86
85 95
85 98
86 93
86 98
86 99
87 89
87 97
88 89
88 91
88 92
89 91
90 92
90 99
91 97
91 98
92 95
92 96
93 94
93 96
93 98
94 97
94 98
95 96
95 97
96 97
