100 1450 0.29292929292929293 29 29
0 4
0 5
0 6
0 7
0 17
0 19
0 24
0 25
0 31
0 32
0 33
0 34
0 37
0 40
0 44
0 45
0 46
0 50
0 53
0 54
0 58
0 61
0 64
0 71
0 78
0 87
0 92
0 98
0 99
1 4
1 10
1 12
1 13
1 15
1 19
1 20
1 25
1 35
1 37
1 41
1 47
1 48
1 50
1 53
1 58
1 61
1 67
1 69
1 71
1 73
1 75
1 76
1 81
1 90
1 91
1 93
1 95
1 99
2 4
2 5
2 11
2 12
2 13
2 17
2 23
2 26
2 32
2 34
2 39
2 42
2 45
2 52
2 53
2 54
2 57
2 61
2 62
2 63
2 70
2 71
2 75
2 82
2 88
2 91
2 94
2 96
2 98
3 7
3 8
3 19
3 22
3 28
3 31
3 32
3 33
3 34
3 38
3 40
3 42
3 43
3 49
3 57
3 60
3 62
3 64
3 66
3 70
3 73
3 79
3 83
3 84
3 85
3 87
3 91
3 95
3 99
4 6
4 10
4 12
4 13
4 16
4 19
4 23
4 28
4 30
4 36
4 37
4 42
4 46
4 49
4 50
4 53
4 55
4 63
4 64
4 78
4 80
4 85
4 86
4 87
4 95
4 99
5 9
5 12
5 14
5 24
5 26
5 37
5 38
5 41
5 42
5 43
5 47
5 51
5 57
5 62
5 66
5 70
5 72
5 76
5 78
5 81
5 82
5 83
5 87
5 88
5 90
5 93
5 97
6 7
6 8
6 10
6 17
6 24
6 30
6 33
6 35
6 37
6 38
6 41
6 43
6 48
6 51
6 54
6 56
6 63
6 65
6 69
6 70
6 74
6 75
6 84
6 86
6 87
6 88
6 90
7 11
7 14
7 17
7 22
7 30
7 31
7 33
7 42
7 43
7 44
7 45
7 46
7 52
7 53
7 55
7 56
7 68
7 70
7 72
7 73
7 78
7 83
7 92
7 96
7 97
7 98
8 9
8 14
8 16
8 20
8 28
8 29
8 33
8 34
8 44
8 47
8 49
8 51
8 52
8 54
8 56
8 59
8 61
8 62
8 66
8 69
8 74
8 78
8 81
8 83
8 88
8 95
8 97
9 12
9 19
9 21
9 26
9 27
9 29
9 30
9 37
9 38
9 40
9 41
9 43
9 47
9 55
9 57
9 58
9 61
9 62
9 69
9 71
9 80
9 81
9 83
9 84
9 85
9 92
9 93
10 12
10 15
10 19
10 20
10 21
10 27
10 31
10 35
10 39
10 45
10 47
10 49
10 50
10 51
10 58
10 59
10 60
10 62
10 76
10 77
10 82
10 84
10 92
10 94
10 98
10 99
11 13
11 15
11 19
11 20
11 29
11 30
11 31
11 33
11 39
11 44
11 47
11 48
11 49
11 53
11 56
11 60
11 61
11 66
11 68
11 69
11 70
11 74
11 81
11 89
11 90
11 92
11 93
12 16
12 17
12 21
12 23
12 24
12 37
12 38
12 40
12 42
12 43
12 47
12 51
12 55
12 62
12 77
12 79
12 81
12 85
12 87
12 89
12 93
12 94
12 98
13 17
13 32
13 34
13 35
13 37
13 42
13 43
13 44
13 47
13 52
13 59
13 62
13 63
13 64
13 65
13 69
13 73
13 75
13 76
13 80
13 84
13 88
13 91
13 94
13 96
14 20
14 22
14 25
14 26
14 34
14 37
14 39
14 40
14 44
14 47
14 50
14 52
14 54
14 55
14 57
14 63
14 65
14 71
14 81
14 85
14 86
14 87
14 89
14 90
14 98
14 99
15 17
15 18
15 20
15 22
15 28
15 29
15 31
15 33
15 34
15 36
15 40
15 44
15 53
15 55
15 59
15 61
15 67
15 68
15 70
15 74
15 78
15 80
15 85
15 86
15 92
15 96
16 18
16 23
16 28
16 30
16 32
16 39
16 41
16 46
16 48
16 49
16 51
16 52
16 53
16 54
16 57
16 63
16 64
16 74
16 81
16 82
16 85
16 87
16 89
16 90
16 94
16 98
17 18
17 19
17 21
17 22
17 25
17 28
17 29
17 31
17 35
17 58
17 59
17 63
17 71
17 77
17 78
17 79
17 80
17 83
17 84
17 91
17 93
17 97
18 33
18 34
18 35
18 36
18 39
18 41
18 45
18 48
18 54
18 55
18 56
18 58
18 59
18 61
18 68
18 72
18 75
18 77
18 79
18 83
18 85
18 88
18 89
18 90
18 91
18 94
19 20
19 21
19 27
19 31
19 42
19 43
19 54
19 56
19 60
19 62
19 65
19 75
19 78
19 87
19 89
19 90
19 91
19 95
19 97
19 98
19 99
20 24
20 32
20 33
20 37
20 39
20 40
20 42
20 44
20 46
20 54
20 55
20 66
20 69
20 70
20 73
20 79
20 81
20 83
20 86
20 93
20 96
20 98
21 22
21 29
21 31
21 34
21 35
21 36
21 40
21 41
21 50
21 52
21 53
21 54
21 58
21 59
21 60
21 64
21 71
21 73
21 78
21 84
21 86
21 94
21 95
21 97
22 28
22 30
22 32
22 33
22 37
22 46
22 48
22 51
22 55
22 58
22 67
22 72
22 74
22 76
22 78
22 85
22 86
22 87
22 89
22 90
22 91
22 95
22 99
23 27
23 28
23 31
23 35
23 40
23 41
23 45
23 48
23 50
23 53
23 61
23 63
23 64
23 66
23 76
23 77
23 79
23 80
23 83
23 86
23 89
23 91
23 93
23 94
23 97
24 26
24 29
24 31
24 32
24 33
24 36
24 38
24 42
24 44
24 47
24 49
24 53
24 60
24 61
24 66
24 67
24 69
24 72
24 75
24 77
24 82
24 87
24 92
24 93
25 26
25 27
25 29
25 31
25 34
25 37
25 44
25 45
25 48
25 49
25 56
25 57
25 60
25 62
25 64
25 71
25 72
25 73
25 75
25 83
25 86
25 93
25 94
25 97
25 98
26 29
26 30
26 32
26 38
26 41
26 45
26 46
26 53
26 54
26 61
26 67
26 68
26 72
26 78
26 79
26 84
26 86
26 89
26 90
26 91
26 92
26 95
26 99
27 32
27 35
27 38
27 39
27 41
27 45
27 47
27 48
27 55
27 56
27 57
27 60
27 62
27 63
27 68
27 73
27 83
27 84
27 87
27 89
27 93
27 94
27 95
27 98
28 35
28 36
28 37
28 38
28 39
28 41
28 43
28 51
28 52
28 56
28 57
28 62
28 69
28 71
28 77
28 78
28 81
28 84
28 88
28 94
28 98
29 35
29 43
29 45
29 48
29 49
29 51
29 60
29 62
29 68
29 69
29 72
29 76
29 78
29 80
29 81
29 82
29 87
29 88
29 89
29 92
30 34
30 37
30 38
30 39
30 40
30 48
30 49
30 50
30 52
30 53
30 59
30 70
30 74
30 77
30 80
30 83
30 88
30 89
30 94
30 97
30 99
31 36
31 40
31 44
31 45
31 48
31 49
31 58
31 60
31 64
31 66
31 76
31 77
31 85
31 86
31 90
31 91
31 97
32 33
32 36
32 42
32 45
32 52
32 55
32 57
32 61
32 63
32 66
32 67
32 74
32 76
32 77
32 90
32 91
32 92
32 96
32 99
33 35
33 36
33 46
33 49
33 53
33 63
33 68
33 69
33 70
33 76
33 79
33 81
33 89
33 93
33 95
33 96
33 98
34 35
34 36
34 37
34 41
34 43
34 50
34 56
34 58
34 60
34 65
34 68
34 69
34 71
34 73
34 77
34 82
34 89
34 90
35 39
35 49
35 57
35 60
35 62
35 64
35 66
35 72
35 73
35 75
35 78
35 79
35 80
35 81
35 88
35 92
36 47
36 54
36 55
36 57
36 63
36 64
36 67
36 68
36 70
36 76
36 77
36 79
36 80
36 83
36 85
36 87
36 88
36 93
36 99
37 39
37 46
37 48
37 51
37 55
37 58
37 63
37 72
37 73
37 74
37 80
37 87
37 94
37 96
38 40
38 43
38 45
38 48
38 51
38 56
38 65
38 69
38 72
38 76
38 78
38 79
38 80
38 84
38 87
38 90
38 94
38 96
38 99
39 40
39 42
39 47
39 50
39 53
39 64
39 68
39 69
39 78
39 79
39 85
39 86
39 87
39 89
39 93
39 94
39 99
40 47
40 52
40 55
40 59
40 63
40 65
40 66
40 69
40 71
40 72
40 74
40 75
40 88
40 95
40 96
40 99
41 44
41 49
41 50
41 52
41 55
41 56
41 61
41 70
41 71
41 74
41 79
41 81
41 83
41 85
41 86
41 89
41 94
42 47
42 50
42 51
42 53
42 54
42 55
42 57
42 60
42 74
42 75
42 82
42 83
42 86
42 88
42 94
42 95
42 98
43 47
43 51
43 60
43 63
43 64
43 68
43 69
43 70
43 73
43 75
43 78
43 83
43 84
43 87
43 89
43 90
43 95
44 46
44 50
44 57
44 59
44 60
44 65
44 68
44 71
44 73
44 75
44 81
44 84
44 90
44 95
44 96
44 97
44 99
45 47
45 49
45 51
45 59
45 60
45 66
45 67
45 72
45 73
45 80
45 81
45 84
45 85
45 91
45 93
45 95
46 50
46 55
46 58
46 66
46 67
46 69
46 70
46 72
46 73
46 74
46 77
46 85
46 88
46 89
46 90
46 92
46 93
46 95
46 98
47 54
47 57
47 61
47 63
47 67
47 70
47 74
47 79
47 86
47 87
47 97
47 99
48 52
48 53
48 56
48 59
48 60
48 65
48 70
48 78
48 79
48 81
48 87
48 89
48 90
48 93
48 95
49 62
49 65
49 66
49 69
49 71
49 73
49 83
49 86
49 88
49 91
49 92
49 94
49 95
49 97
50 55
50 58
50 63
50 67
50 68
50 70
50 74
50 81
50 87
50 90
50 93
50 94
50 95
50 96
50 98
51 56
51 57
51 60
51 64
51 66
51 74
51 75
51 82
51 83
51 89
51 90
51 93
51 95
51 96
51 97
52 57
52 58
52 62
52 65
52 71
52 77
52 78
52 79
52 80
52 81
52 82
52 84
52 92
52 94
52 97
52 99
53 56
53 59
53 65
53 66
53 72
53 74
53 81
53 82
53 84
53 85
53 89
53 91
54 56
54 59
54 64
54 66
54 68
54 69
54 70
54 71
54 72
54 74
54 77
54 86
54 88
54 90
54 91
55 60
55 61
55 64
55 65
55 69
55 78
55 79
55 80
55 87
55 92
55 95
56 58
56 59
56 62
56 63
56 64
56 70
56 71
56 73
56 76
56 84
56 88
56 91
56 94
57 60
57 61
57 64
57 68
57 71
57 75
57 79
57 88
57 91
57 97
57 98
57 99
58 60
58 61
58 62
58 63
58 67
58 71
58 73
58 80
58 82
58 84
58 86
58 93
58 94
58 97
59 62
59 63
59 64
59 65
59 67
59 70
59 71
59 77
59 81
59 82
59 85
59 87
59 92
59 95
60 62
60 63
60 67
60 70
60 76
60 82
60 91
60 92
61 68
61 69
61 73
61 76
61 77
61 80
61 82
61 83
61 84
61 85
61 96
61 98
62 65
62 66
62 67
62 70
62 73
62 75
62 80
62 86
62 97
63 66
63 68
63 76
63 82
63 86
63 93
63 98
63 99
64 66
64 68
64 75
64 78
64 79
64 80
64 88
64 92
64 95
64 96
65 67
65 68
65 71
65 72
65 73
65 77
65 80
65 82
65 84
65 85
65 87
65 91
65 94
65 96
66 70
66 74
66 75
66 78
66 79
66 81
66 84
66 88
66 89
67 68
67 69
67 70
67 75
67 77
67 80
67 81
67 82
67 89
67 91
67 93
67 94
67 97
68 73
68 76
68 81
68 86
68 92
68 93
68 96
68 99
69 76
69 78
69 82
69 84
69 85
69 96
69 97
70 74
70 93
70 95
70 96
70 99
71 72
71 75
71 77
71 85
71 89
71 96
71 98
71 99
72 73
72 74
72 75
72 76
72 83
72 85
72 89
72 93
72 94
72 95
72 97
73 74
73 76
73 82
73 90
73 92
73 99
74 76
74 83
74 84
74 87
74 88
74 95
74 96
75 76
75 77
75 85
75 89
75 92
75 95
75 97
75 98
76 80
76 81
76 83
76 85
76 86
76 91
76 94
77 79
77 82
77 88
77 91
77 92
77 97
77 98
77 99
78 79
78 80
78 83
78 86
78 91
78 99
79 81
79 84
79 88
79 92
79 93
79 96
79 97
80 82
80 86
80 88
80 90
80 91
80 98
81 83
81 88
81 90
82 84
82 86
82 91
82 93
82 95
82 97
82 98
83 85
83 86
83 88
83 90
83 97
84 88
84 89
84 90
84 94
85 87
85 92
85 96
85 97
86 92
86 96
86 99
87 94
87 97
87 98
88 91
88 96
89 92
89 97
90 93
90 98
90 99
91 92
91 96
92 94
92 96
93 98
95 96
96 98
98 99
