100 1500 0.30303030303030304 30 30
0 4
0 11
0 13
0 18
0 20
0 22
0 24
0 28
0 35
0 39
0 41
0 43
0 44
0 48
0 49
0 50
0 52
0 56
0 62
0 69
0 70
0 73
0 80
0 83
0 84
0 88
0 89
0 94
0 97
0 98
1 3
1 4
1 7
1 10
1 11
1 15
1 16
1 23
1 29
1 30
1 32
1 34
1 38
1 41
1 43
1 44
1 45
1 47
1 49
1 50
1 51
1 54
1 58
1 67
1 70
1 72
1 73
1 75
1 94
1 95
2 4
2 6
2 9
2 15
2 16
2 20
2 21
2 22
2 23
2 25
2 29
2 33
2 45
2 51
2 57
2 60
2 63
2 71
2 72
2 73
2 74
2 75
2 78
2 80
2 82
2 84
2 85
2 88
2 94
2 95
3 5
3 6
3 9
3 16
3 20
3 21
3 30
3 31
3 40
3 41
3 46
3 54
3 58
3 61
3 64
3 70
3 74
3 77
3 79
3 80
3 81
3 82
3 84
3 85
3 88
3 89
3 93
3 95
3 98
4 15
4 20
4 21
4 22
4 23
4 31
4 32
4 33
4 40
4 44
4 49
4 53
4 54
4 55
4 59
4 61
4 62
4 65
4 68
4 69
4 70
4 74
4 76
4 79
4 84
4 94
4 99
5 6
5 7
5 8
5 9
5 11
5 13
5 14
5 15
5 17
5 18
5 24
5 25
5 27
5 28
5 30
5 35
5 44
5 51
5 52
5 55
5 61
5 63
5 69
5 74
5 76
5 81
5 82
5 83
5 92
6 7
6 13
6 19
6 28
6 33
6 34
6 37
6 41
6 43
6 46
6 56
6 61
6 64
6 67
6 70
6 71
6 77
6 79
6 83
6 84
6 86
6 89
6 92
6 93
6 96
6 97
6 99
7 8
7 9
7 10
7 11
7 15
7 22
7 25
7 29
7 36
7 39
7 41
7 49
7 54
7 55
7 56
7 63
7 70
7 71
7 72
7 83
7 84
7 85
7 86
7 87
7 91
7 92
7 96
8 12
8 20
8 23
8 31
8 32
8 34
8 36
8 41
8 46
8 47
8 48
8 54
8 55
8 57
8 58
8 59
8 65
8 66
8 69
8 70
8 73
8 74
8 75
8 78
8 89
8 92
8 93
8 99
9 14
9 15
9 16
9 24
9 27
9 29
9 30
9 34
9 35
9 47
9 49
9 55
9 57
9 58
9 63
9 74
9 78
9 79
9 80
9 85
9 87
9 89
9 90
9 93
9 95
9 97
10 11
10 12
10 13
10 16
10 18
10 19
10 20
10 22
10 24
10 27
10 33
10 36
10 40
10 53
10 60
10 64
10 66
10 70
10 77
10 81
10 83
10 85
10 86
10 89
10 94
10 96
10 97
10 98
11 15
11 18
11 23
11 29
11 38
11 39
11 40
11 47
11 49
11 51
11 52
11 56
11 59
11 61
11 67
11 68
11 69
11 70
11 72
11 74
11 75
11 76
11 81
11 89
11 90
12 13
12 15
12 19
12 20
12 22
12 24
12 27
12 29
12 34
12 44
12 45
12 47
12 48
12 54
12 55
12 64
12 68
12 70
12 73
12 74
12 81
12 82
12 84
12 85
12 88
12 94
12 97
12 99
13 15
13 20
13 26
13 28
13 32
13 33
13 37
13 44
13 45
13 47
13 51
13 52
13 54
13 61
13 64
13 65
13 70
13 80
13 81
13 82
13 83
13 84
13 86
13 88
13 93
14 17
14 21
14 23
14 25
14 29
14 32
14 33
14 34
14 37
14 39
14 46
14 49
14 52
14 55
14 62
14 64
14 65
14 68
14 71
14 73
14 77
14 80
14 87
14 88
14 92
14 93
14 95
14 98
15 16
15 19
15 21
15 23
15 24
15 32
15 34
15 39
15 41
15 43
15 50
15 54
15 57
15 65
15 69
15 76
15 79
15 85
15 86
15 87
15 92
16 19
16 21
16 23
16 26
16 27
16 39
16 42
16 43
16 46
16 54
16 59
16 60
16 61
16 63
16 69
16 70
16 71
16 77
16 81
16 88
16 90
16 92
16 95
16 96
17 20
17 21
17 27
17 32
17 33
17 34
17 37
17 39
17 41
17 42
17 44
17 54
17 56
17 60
17 61
17 62
17 63
17 64
17 68
17 71
17 77
17 79
17 86
17 88
17 89
17 90
17 93
17 95
18 19
18 25
18 27
18 28
18 29
18 30
18 36
18 39
18 40
18 42
18 43
18 56
18 58
18 62
18 64
18 71
18 72
18 73
18 76
18 77
18 78
18 82
18 91
18 94
18 98
18 99
19 20
19 30
19 31
19 33
19 34
19 45
19 53
19 59
19 65
19 68
19 71
19 73
19 75
19 80
19 81
19 85
19 86
19 88
19 89
19 91
19 92
19 95
19 96
19 97
20 29
20 36
20 37
20 42
20 50
20 52
20 53
20 54
20 55
20 60
20 63
20 70
20 82
20 85
20 90
20 93
20 94
20 95
20 96
20 98
21 22
21 24
21 26
21 32
21 34
21 35
21 36
21 40
21 42
21 44
21 45
21 47
21 49
21 52
21 59
21 63
21 70
21 73
21 79
21 80
21 81
21 85
21 93
22 23
22 34
22 37
22 38
22 40
22 43
22 50
22 53
22 61
22 68
22 70
22 75
22 76
22 77
22 80
22 81
22 82
22 83
22 86
22 91
22 94
22 95
22 97
23 24
23 25
23 26
23 33
23 46
23 50
23 53
23 57
23 58
23 61
23 65
23 69
23 71
23 73
23 74
23 76
23 78
23 86
23 89
23 92
23 98
24 28
24 33
24 40
24 41
24 42
24 44
24 45
24 46
24 51
24 53
24 56
24 58
24 60
24 63
24 69
24 74
24 75
24 76
24 79
24 87
24 88
24 97
25 26
25 28
25 29
25 30
25 33
25 37
25 42
25 49
25 52
25 54
25 56
25 59
25 60
25 64
25 66
25 68
25 70
25 72
25 73
25 80
25 83
25 86
25 90
25 91
26 35
26 40
26 42
26 52
26 56
26 58
26 60
26 62
26 63
26 64
26 65
26 66
26 68
26 71
26 75
26 80
26 81
26 86
26 87
26 89
26 92
26 95
26 96
26 97
26 98
27 30
27 33
27 34
27 35
27 39
27 41
27 42
27 48
27 49
27 55
27 64
27 67
27 70
27 72
27 77
27 79
27 84
27 85
27 91
27 92
27 94
27 97
27 98
28 29
28 30
28 36
28 38
28 45
28 46
28 50
28 52
28 56
28 59
28 60
28 61
28 68
28 71
28 72
28 82
28 83
28 84
28 85
28 89
28 90
28 92
28 93
29 32
29 36
29 38
29 41
29 47
29 57
29 59
29 60
29 66
29 71
29 73
29 78
29 80
29 81
29 87
29 88
29 92
29 94
29 98
30 31
30 34
30 39
30 43
30 45
30 51
30 56
30 60
30 62
30 66
30 69
30 77
30 80
30 82
30 85
30 90
30 93
30 95
30 96
30 98
30 99
31 32
31 33
31 37
31 38
31 39
31 40
31 41
31 42
31 43
31 44
31 46
31 48
31 51
31 57
31 58
31 62
31 64
31 67
31 74
31 78
31 80
31 84
31 88
31 90
31 94
32 35
32 38
32 40
32 45
32 46
32 49
32 50
32 55
32 57
32 67
32 68
32 72
32 75
32 76
32 77
32 83
32 85
32 87
32 88
32 90
33 37
33 38
33 50
33 51
33 54
33 59
33 65
33 66
33 67
33 73
33 77
33 78
33 84
33 85
33 86
33 89
33 96
34 37
34 40
34 41
34 43
34 48
34 49
34 50
34 53
34 55
34 59
34 66
34 68
34 69
34 72
34 73
34 74
34 87
35 36
35 41
35 43
35 46
35 47
35 50
35 51
35 52
35 53
35 56
35 58
35 60
35 65
35 69
35 72
35 73
35 74
35 76
35 81
35 84
35 90
35 96
35 97
36 39
36 40
36 41
36 44
36 46
36 47
36 56
36 57
36 62
36 63
36 67
36 68
36 72
36 77
36 78
36 79
36 84
36 87
36 94
36 95
36 97
37 38
37 39
37 41
37 42
37 45
37 48
37 50
37 61
37 67
37 68
37 69
37 74
37 75
37 77
37 78
37 83
37 86
37 88
37 95
37 99
38 39
38 42
38 43
38 45
38 46
38 50
38 51
38 56
38 62
38 66
38 77
38 81
38 83
38 85
38 86
38 87
38 89
38 91
38 94
38 97
38 98
39 42
39 46
39 47
39 48
39 50
39 55
39 65
39 69
39 74
39 76
39 77
39 85
39 87
39 88
39 89
39 97
40 43
40 46
40 49
40 53
40 56
40 58
40 59
40 60
40 62
40 67
40 68
40 83
40 84
40 92
40 94
40 96
40 99
41 49
41 51
41 60
41 62
41 65
41 67
41 76
41 80
41 81
41 82
41 83
41 91
41 95
41 99
42 43
42 44
42 45
42 48
42 49
42 57
42 64
42 67
42 75
42 76
42 79
42 82
42 83
42 87
42 88
42 90
42 94
43 44
43 47
43 48
43 54
43 55
43 60
43 66
43 68
43 69
43 70
43 75
43 76
43 78
43 89
43 90
43 99
44 46
44 48
44 49
44 54
44 55
44 59
44 61
44 66
44 69
44 72
44 75
44 78
44 81
44 82
44 83
44 90
44 93
45 46
45 47
45 51
45 54
45 57
45 59
45 64
45 67
45 68
45 74
45 78
45 79
45 82
45 83
45 87
45 89
45 94
46 48
46 53
46 54
46 55
46 58
46 59
46 72
46 76
46 78
46 79
46 86
46 92
46 95
47 50
47 52
47 57
47 58
47 63
47 65
47 66
47 69
47 70
47 74
47 78
47 79
47 84
47 85
47 87
47 90
47 97
48 51
48 52
48 54
48 55
48 56
48 59
48 61
48 72
48 79
48 81
48 83
48 90
48 91
48 92
48 94
48 95
48 97
48 98
49 50
49 54
49 55
49 59
49 60
49 75
49 78
49 80
49 85
49 88
49 91
49 93
49 94
49 97
50 57
50 58
50 60
50 62
50 63
50 71
50 76
50 79
50 81
50 82
50 88
50 91
50 94
50 97
51 54
51 57
51 60
51 66
51 68
51 71
51 72
51 76
51 77
51 78
51 82
51 87
51 91
51 94
51 97
51 99
52 56
52 61
52 62
52 69
52 70
52 71
52 73
52 74
52 75
52 81
52 88
52 89
52 92
52 93
52 95
52 97
52 99
53 54
53 55
53 57
53 58
53 59
53 60
53 64
53 68
53 71
53 73
53 76
53 77
53 78
53 82
53 85
53 87
53 93
53 95
53 98
54 61
54 63
54 65
54 67
54 70
54 71
54 82
54 83
54 85
55 60
55 62
55 63
55 67
55 68
55 69
55 79
55 84
55 87
55 93
55 96
55 98
56 62
56 64
56 65
56 67
56 71
56 73
56 74
56 79
56 84
56 90
56 94
56 95
56 97
57 61
57 62
57 64
57 65
57 68
57 73
57 78
57 81
57 85
57 90
57 91
57 93
57 94
57 96
57 97
58 59
58 70
58 71
58 73
58 74
58 79
58 82
58 84
58 85
58 87
58 90
58 91
58 92
58 93
58 99
59 62
59 64
59 67
59 69
59 70
59 73
59 74
59 76
59 83
59 96
59 99
60 64
60 69
60 75
60 80
60 82
60 84
60 87
60 88
60 92
60 97
61 63
61 66
61 68
61 69
61 77
61 78
61 81
61 84
61 88
61 89
61 91
61 96
61 99
62 67
62 68
62 69
62 71
62 74
62 85
62 86
62 89
62 90
62 92
62 97
62 99
63 65
63 69
63 71
63 73
63 75
63 77
63 80
63 85
63 87
63 90
63 93
63 95
63 98
63 99
64 68
64 70
64 74
64 80
64 81
64 82
64 88
64 92
64 93
64 97
64 99
65 66
65 67
65 72
65 75
65 79
65 80
65 83
65 87
65 88
65 89
65 93
65 96
65 99
66 70
66 72
66 73
66 74
66 76
66 77
66 78
66 80
66 83
66 84
66 86
66 89
66 91
66 97
66 98
67 74
67 76
67 77
67 82
67 88
67 89
67 90
67 91
67 92
67 95
67 99
68 69
68 71
68 82
68 88
68 91
68 96
69 72
69 79
69 83
69 86
69 89
70 71
70 77
70 83
70 87
70 96
71 72
71 73
71 75
71 77
71 79
71 92
71 98
72 75
72 80
72 84
72 86
72 88
72 91
72 92
72 96
72 98
72 99
73 77
73 88
73 90
73 91
73 94
73 96
74 78
74 79
74 86
74 90
74 94
75 80
75 83
75 86
75 87
75 89
75 91
75 94
75 95
75 96
75 99
76 78
76 79
76 81
76 86
76 88
76 91
76 92
76 98
76 99
77 78
77 85
77 87
77 96
77 98
78 80
78 82
78 86
78 87
78 91
78 98
79 81
79 82
79 86
79 90
79 93
79 99
80 83
80 84
80 91
80 94
80 95
80 98
81 82
81 90
81 93
81 96
81 98
81 99
82 83
82 96
82 98
82 99
83 87
83 95
83 96
84 85
84 89
84 91
84 95
84 96
84 98
85 86
85 90
85 93
86 90
86 92
86 93
86 96
86 98
87 91
87 93
87 97
88 94
88 96
89 90
89 93
89 95
89 97
90 94
91 92
91 95
91 97
91 98
92 93
92 96
92 99
93 95
93 98
94 95
96 99
97 99
98 99
