100 1550 0.31313131313131315 31 31
0 3
0 10
0 11
0 13
0 14
0 17
0 23
0 28
0 29
0 34
0 39
0 43
0 44
0 47
0 48
0 50
0 52
0 54
0 55
0 58
0 59
0 62
0 69
0 74
0 76
0 77
0 84
0 88
0 90
0 94
0 95
1 2
1 10
1 12
1 17
1 18
1 19
1 21
1 26
1 28
1 31
1 36
1 37
1 43
1 44
1 48
1 55
1 56
1 65
1 66
1 71
1 73
1 75
1 77
1 80
1 84
1 85
1 86
1 90
1 92
1 93
1 99
2 3
2 6
2 12
2 14
2 15
2 20
2 21
2 30
2 33
2 38
2 39
2 40
2 43
2 45
2 47
2 49
2 52
2 53
2 60
2 63
2 64
2 70
2 80
2 82
2 83
2 85
2 91
2 94
2 96
2 98
3 10
3 12
3 15
3 19
3 20
3 28
3 35
3 36
3 42
3 43
3 47
3 51
3 52
3 53
3 54
3 57
3 59
3 62
3 64
3 73
3 74
3 76
3 78
3 80
3 82
3 83
3 88
3 92
3 93
4 6
4 8
4 11
4 26
4 27
4 30
4 31
4 34
4 35
4 36
4 39
4 46
4 47
4 49
4 50
4 52
4 53
4 54
4 55
4 58
4 63
4 66
4 72
4 73
4 80
4 82
4 83
4 88
4 91
4 95
4 97
5 10
5 13
5 15
5 16
5 20
5 21
5 22
5 24
5 28
5 32
5 35
5 37
5 40
5 41
5 48
5 50
5 52
5 53
5 55
5 60
5 62
5 63
5 64
5 65
5 68
5 71
5 77
5 80
5 81
5 88
5 95
6 7
6 9
6 13
6 14
6 17
6 24
6 27
6 36
6 37
6 46
6 49
6 52
6 54
6 63
6 64
6 68
6 71
6 72
6 73
6 74
6 77
6 80
6 81
6 82
6 83
6 88
6 90
6 96
6 98
7 8
7 12
7 15
7 21
7 22
7 31
7 34
7 35
7 41
7 44
7 45
7 52
7 56
7 57
7 60
7 62
7 64
7 69
7 70
7 75
7 77
7 78
7 79
7 81
7 84
7 85
7 86
7 91
7 96
7 98
8 9
8 10
8 21
8 22
8 26
8 31
8 38
8 40
8 42
8 47
8 52
8 55
8 56
8 61
8 62
8 66
8 67
8 70
8 73
8 76
8 77
8 82
8 87
8 90
8 93
8 96
8 97
8 98
8 99
9 10
9 12
9 14
9 16
9 17
9 18
9 22
9 25
9 29
9 31
9 33
9 39
9 41
9 44
9 48
9 55
9 62
9 66
9 68
9 70
9 72
9 74
9 82
9 83
9 87
9 88
9 89
9 92
9 99
10 13
10 17
10 18
10 22
10 23
10 25
10 26
10 27
10 42
10 50
10 54
10 59
10 64
10 70
10 71
10 72
10 77
10 78
10 79
10 80
10 83
10 84
10 92
10 95
10 96
11 18
11 20
11 21
11 31
11 34
11 39
11 43
11 46
11 48
11 50
11 53
11 59
11 60
11 61
11 62
11 66
11 70
11 72
11 74
11 75
11 78
11 84
11 89
11 91
11 92
11 93
11 95
11 97
11 99
12 14
12 16
12 23
12 28
12 33
12 34
12 35
12 37
12 39
12 42
12 54
12 55
12 57
12 58
12 60
12 64
12 67
12 71
12 72
12 84
12 86
12 87
12 88
12 90
12 92
12 98
13 16
13 22
13 24
13 31
13 36
13 42
13 43
13 48
13 50
13 54
13 56
13 63
13 64
13 65
13 67
13 69
13 71
13 76
13 79
13 84
13 85
13 86
13 89
13 92
13 94
13 97
13 99
14 18
14 20
14 23
14 26
14 30
14 31
14 32
14 35
14 36
14 40
14 41
14 43
14 44
14 47
14 52
14 69
14 71
14 74
14 75
14 78
14 79
14 86
14 88
14 91
14 95
14 98
15 17
15 20
15 25
15 26
15 27
15 29
15 38
15 40
15 42
15 43
15 45
15 49
15 52
15 53
15 55
15 58
15 60
15 61
15 68
15 74
15 78
15 83
15 88
15 89
15 92
15 95
15 97
16 19
16 25
16 26
16 27
16 28
16 36
16 37
16 38
16 40
16 42
16 43
16 45
16 47
16 49
16 52
16 53
16 59
16 61
16 66
16 69
16 70
16 72
16 77
16 78
16 81
16 95
16 97
17 18
17 20
17 21
17 22
17 24
17 25
17 28
17 31
17 39
17 40
17 46
17 47
17 49
17 51
17 60
17 63
17 66
17 71
17 73
17 76
17 82
17 89
17 90
17 93
17 95
18 23
18 25
18 31
18 32
18 33
18 34
18 36
18 37
18 39
18 43
18 45
18 48
18 51
18 61
18 64
18 67
18 68
18 69
18 76
18 80
18 87
18 89
18 93
18 94
18 98
19 21
19 29
19 31
19 32
19 33
19 36
19 37
19 42
19 44
19 50
19 51
19 53
19 55
19 68
19 70
19 76
19 82
19 83
19 84
19 87
19 88
19 89
19 90
19 91
19 92
19 93
19 96
19 98
20 25
20 29
20 30
20 34
20 42
20 44
20 50
20 53
20 55
20 56
20 57
20 61
20 65
20 67
20 76
20 79
20 85
20 87
20 88
20 89
20 91
20 94
20 95
20 99
21 23
21 27
21 29
21 35
21 42
21 49
21 51
21 58
21 59
21 69
21 76
21 77
21 78
21 79
21 81
21 83
21 85
21 90
21 91
21 92
21 96
21 97
21 99
22 25
22 28
22 29
22 31
22 32
22 33
22 40
22 41
22 42
22 45
22 46
22 48
22 49
22 51
22 57
22 63
22 65
22 67
22 68
22 82
22 83
22 86
22 88
22 89
23 24
23 32
23 33
23 37
23 38
23 39
23 45
23 46
23 57
23 58
23 63
23 67
23 69
23 71
23 75
23 77
23 79
23 84
23 85
23 88
23 93
23 96
23 97
23 98
23 99
24 34
24 40
24 41
24 43
24 44
24 49
24 50
24 51
24 53
24 54
24 56
24 57
24 60
24 61
24 62
24 63
24 64
24 65
24 70
24 72
24 73
24 81
24 86
24 87
24 88
24 99
25 26
25 30
25 32
25 33
25 34
25 36
25 38
25 39
25 41
25 56
25 59
25 69
25 71
25 72
25 77
25 78
25 81
25 82
25 84
25 85
25 90
25 91
25 96
26 28
26 33
26 37
26 41
26 47
26 49
26 51
26 54
26 55
26 56
26 57
26 61
26 65
26 66
26 68
26 73
26 83
26 85
26 87
26 90
26 91
26 96
26 97
27 39
27 40
27 46
27 47
27 48
27 50
27 52
27 53
27 54
27 57
27 59
27 61
27 64
27 68
27 69
27 70
27 71
27 73
27 75
27 76
27 81
27 87
27 89
27 95
27 99
28 30
28 31
28 32
28 42
28 51
28 52
28 53
28 54
28 55
28 64
28 66
28 73
28 75
28 80
28 81
28 87
28 89
28 92
28 93
28 94
28 95
28 96
29 30
29 39
29 40
29 41
29 43
29 44
29 49
29 50
29 51
29 58
29 61
29 64
29 70
29 72
29 73
29 75
29 78
29 79
29 80
29 84
29 86
29 92
29 94
29 95
30 40
30 41
30 43
30 45
30 48
30 50
30 54
30 56
30 58
30 59
30 61
30 63
30 66
30 71
30 72
30 73
30 74
30 81
30 84
30 86
30 87
30 94
30 97
30 98
31 34
31 41
31 46
31 55
31 56
31 59
31 61
31 63
31 75
31 76
31 79
31 81
31 88
31 90
31 91
31 94
31 96
31 98
32 34
32 36
32 37
32 39
32 44
32 47
32 53
32 54
32 55
32 58
32 60
32 62
32 66
32 67
32 72
32 74
32 80
32 81
32 84
32 87
32 94
32 95
32 98
33 35
33 39
33 40
33 43
33 46
33 49
33 51
33 62
33 64
33 69
33 71
33 72
33 73
33 74
33 82
33 83
33 84
33 85
33 88
33 89
33 92
33 93
34 35
34 42
34 45
34 54
34 58
34 59
34 60
34 65
34 66
34 68
34 73
34 79
34 85
34 88
34 89
34 90
34 91
34 95
34 98
34 99
35 37
35 38
35 42
35 43
35 47
35 58
35 59
35 60
35 66
35 68
35 69
35 70
35 78
35 79
35 81
35 82
35 83
35 86
35 92
35 93
35 96
35 98
36 37
36 41
36 43
36 45
36 46
36 47
36 48
36 49
36 50
36 59
36 61
36 63
36 65
36 70
36 71
36 82
36 84
36 85
36 86
36 97
37 38
37 39
37 41
37 42
37 46
37 48
37 56
37 57
37 62
37 66
37 67
37 70
37 79
37 85
37 91
37 93
37 95
37 96
37 97
38 41
38 43
38 44
38 45
38 47
38 52
38 53
38 62
38 65
38 68
38 69
38 72
38 73
38 74
38 76
38 78
38 80
38 82
38 87
38 91
38 93
38 96
38 98
39 40
39 42
39 43
39 54
39 58
39 62
39 63
39 65
39 68
39 71
39 81
39 84
39 86
39 93
39 96
39 97
40 42
40 46
40 47
40 48
40 53
40 57
40 61
40 69
40 75
40 76
40 83
40 85
40 90
40 91
40 95
40 98
40 99
41 42
41 45
41 49
41 51
41 53
41 55
41 60
41 61
41 64
41 68
41 69
41 74
41 77
41 80
41 87
41 88
41 95
42 53
42 56
42 62
42 64
42 66
42 67
42 69
42 74
42 79
42 80
42 96
42 98
42 99
43 47
43 56
43 61
43 69
43 70
43 78
43 81
43 83
43 84
43 87
43 92
43 93
43 97
44 45
44 50
44 51
44 55
44 56
44 60
44 61
44 67
44 71
44 75
44 76
44 78
44 83
44 88
44 89
44 90
44 93
44 94
44 95
44 99
45 48
45 49
45 51
45 52
45 58
45 60
45 63
45 72
45 74
45 75
45 77
45 79
45 80
45 84
45 85
45 86
45 87
45 95
46 51
46 52
46 54
46 55
46 57
46 60
46 63
46 65
46 67
46 68
46 73
46 74
46 78
46 83
46 85
46 86
46 87
46 89
46 92
47 50
47 53
47 54
47 57
47 58
47 59
47 65
47 66
47 68
47 74
47 79
47 84
47 89
47 94
47 97
48 51
48 55
48 56
48 57
48 62
48 63
48 67
48 69
48 70
48 76
48 77
48 81
48 86
48 88
48 89
48 98
48 99
49 51
49 62
49 65
49 66
49 70
49 73
49 74
49 75
49 76
49 80
49 83
49 84
49 85
49 91
49 92
49 96
50 51
50 52
50 55
50 56
50 58
50 62
50 72
50 75
50 77
50 78
50 79
50 82
50 87
50 88
50 90
50 96
51 53
51 55
51 59
51 61
51 62
51 66
51 67
51 74
51 76
51 80
51 81
51 85
51 99
52 54
52 56
52 60
52 65
52 69
52 73
52 76
52 78
52 79
52 85
52 92
52 97
52 98
52 99
53 55
53 57
53 60
53 61
53 69
53 72
53 75
53 76
53 85
53 86
53 90
53 98
54 59
54 60
54 61
54 62
54 71
54 73
54 76
54 79
54 86
54 89
54 91
54 97
54 99
55 62
55 66
55 67
55 71
55 72
55 77
55 85
55 91
55 94
55 99
56 57
56 58
56 59
56 63
56 64
56 65
56 68
56 71
56 78
56 82
56 85
56 90
56 93
56 95
57 58
57 59
57 61
57 65
57 69
57 70
57 74
57 75
57 77
57 81
57 82
57 83
57 85
57 87
57 92
58 59
58 60
58 64
58 65
58 67
58 74
58 76
58 78
58 80
58 82
58 84
58 89
58 93
58 99
59 61
59 65
59 68
59 71
59 72
59 75
59 83
59 85
59 86
59 91
59 93
59 95
60 67
60 72
60 75
60 76
60 78
60 79
60 83
60 84
60 89
60 90
60 94
60 97
61 69
61 70
61 73
61 77
61 80
61 81
61 83
61 87
61 96
62 65
62 74
62 75
62 76
62 77
62 79
62 86
62 89
62 91
62 94
62 97
63 64
63 67
63 69
63 72
63 73
63 75
63 78
63 80
63 84
63 89
63 93
63 95
63 98
63 99
64 67
64 68
64 69
64 78
64 79
64 80
64 86
64 88
64 89
64 90
64 97
64 99
65 66
65 67
65 70
65 73
65 74
65 81
65 84
65 91
65 93
65 94
65 95
66 70
66 71
66 77
66 78
66 86
66 93
66 94
66 95
66 96
66 97
66 98
67 75
67 81
67 82
67 84
67 85
67 86
67 88
67 89
67 90
67 96
67 97
68 69
68 71
68 72
68 74
68 75
68 80
68 82
68 88
68 89
68 92
68 93
68 94
69 75
69 81
69 87
69 92
69 94
69 96
70 74
70 75
70 77
70 83
70 85
70 91
70 92
70 95
70 96
70 99
71 72
71 73
71 75
71 82
71 86
71 88
71 94
71 95
71 99
72 77
72 79
72 87
72 90
72 92
72 94
72 95
72 97
73 74
73 79
73 81
73 83
73 85
73 86
73 91
73 94
74 79
74 82
74 88
74 93
74 95
74 99
75 76
75 78
75 80
75 82
75 85
75 98
76 79
76 81
76 86
76 88
76 89
76 91
76 98
77 78
77 79
77 81
77 82
77 83
77 84
77 87
77 93
77 96
78 79
78 81
78 83
78 87
78 90
78 94
79 80
79 81
79 88
79 98
80 83
80 90
80 91
80 94
80 95
80 97
80 99
81 82
81 87
81 92
81 97
82 84
82 88
82 91
82 92
82 94
82 96
83 84
83 86
83 87
83 96
84 85
84 97
84 98
85 86
85 94
86 91
86 93
86 94
86 99
87 88
87 90
87 91
87 96
87 98
88 99
89 90
89 92
89 94
89 97
89 99
90 91
90 92
90 93
90 94
90 97
90 98
91 94
91 96
92 93
92 94
92 98
92 99
93 95
93 96
93 97
96 97
97 98
98 99
