100 1600 0.32323232323232326 32 32
0 1
0 2
0 4
0 9
0 11
0 12
0 14
0 19
0 23
0 26
0 29
0 35
0 37
0 38
0 39
0 42
0 44
0 46
0 49
0 59
0 68
0 73
0 74
0 75
0 78
0 80
0 81
0 82
0 84
0 86
0 95
0 97
1 2
1 3
1 6
1 7
1 9
1 11
1 12
1 15
1 16
1 20
1 23
1 26
1 27
1 29
1 35
1 45
1 46
1 48
1 50
1 62
1 64
1 69
1 70
1 75
1 81
1 82
1 86
1 95
1 96
1 98
1 99
2 3
2 5
2 10
2 11
2 13
2 14
2 21
2 24
2 27
2 34
2 41
2 42
2 43
2 45
2 49
2 53
2 61
2 63
2 65
2 68
2 69
2 74
2 77
2 79
2 81
2 83
2 87
2 88
2 90
2 97
3 14
3 17
3 19
3 23
3 24
3 25
3 27
3 28
3 34
3 35
3 39
3 42
3 49
3 50
3 57
3 58
3 59
3 61
3 66
3 71
3 76
3 82
3 84
3 85
3 89
3 90
3 93
3 95
3 97
3 99
4 14
4 16
4 23
4 24
4 30
4 32
4 36
4 37
4 39
4 40
4 42
4 52
4 55
4 57
4 58
4 59
4 64
4 67
4 68
4 69
4 70
4 71
4 75
4 76
4 79
4 80
4 82
4 87
4 91
4 93
4 94
5 8
5 10
5 11
5 15
5 17
5 19
5 23
5 24
5 31
5 32
5 36
5 38
5 39
5 41
5 44
5 49
5 50
5 53
5 55
5 59
5 62
5 65
5 71
5 72
5 75
5 80
5 81
5 82
5 85
5 86
5 90
6 7
6 9
6 10
6 13
6 14
6 19
6 21
6 22
6 23
6 26
6 32
6 38
6 39
6 48
6 52
6 55
6 57
6 59
6 61
6 65
6 68
6 70
6 72
6 74
6 76
6 79
6 81
6 84
6 86
6 93
6 96
7 10
7 11
7 13
7 23
7 27
7 28
7 32
7 33
7 35
7 39
7 42
7 48
7 49
7 50
7 52
7 54
7 58
7 68
7 69
7 73
7 74
7 75
7 79
7 81
7 83
7 86
7 88
7 91
7 92
7 99
8 9
8 12
8 13
8 16
8 17
8 18
8 20
8 28
8 29
8 33
8 36
8 39
8 60
8 62
8 64
8 67
8 68
8 70
8 73
8 74
8 75
8 76
8 79
8 87
8 89
8 92
8 93
8 94
8 97
8 98
8 99
9 10
9 11
9 12
9 13
9 16
9 17
9 18
9 19
9 22
9 29
9 31
9 37
9 40
9 41
9 44
9 47
9 53
9 58
9 60
9 65
9 73
9 74
9 79
9 86
9 92
9 93
9 94
9 99
10 12
10 16
10 18
10 31
10 33
10 35
10 37
10 39
10 42
10 46
10 48
10 54
10 56
10 61
10 62
10 67
10 74
10 75
10 79
10 80
10 82
10 87
10 89
10 90
10 92
10 98
10 99
11 13
11 21
11 23
11 24
11 28
11 31
11 37
11 38
11 42
11 43
11 50
11 55
11 58
11 61
11 66
11 70
11 73
11 74
11 75
11 76
11 77
11 78
11 81
11 82
11 91
11 96
12 14
12 15
12 20
12 22
12 24
12 25
12 29
12 30
12 31
12 33
12 38
12 40
12 41
12 42
12 46
12 47
12 53
12 56
12 63
12 66
12 67
12 69
12 89
12 92
12 93
12 96
12 97
13 14
13 20
13 21
13 23
13 25
13 28
13 29
13 33
13 34
13 39
13 45
13 49
13 51
13 53
13 59
13 61
13 63
13 70
13 75
13 79
13 83
13 89
13 90
13 92
13 93
13 99
14 21
14 23
14 27
14 30
14 32
14 34
14 37
14 45
14 48
14 52
14 53
14 56
14 58
14 63
14 64
14 66
14 67
14 72
14 75
14 77
14 83
14 86
14 87
14 88
14 94
15 19
15 20
15 21
15 22
15 25
15 36
15 38
15 44
15 45
15 49
15 52
15 54
15 56
15 57
15 64
15 69
15 72
15 76
15 77
15 81
15 82
15 85
15 87
15 88
15 89
15 93
15 94
15 96
15 99
16 17
16 19
16 21
16 22
16 23
16 24
16 28
16 36
16 38
16 39
16 44
16 51
16 54
16 58
16 62
16 64
16 65
16 68
16 69
16 75
16 77
16 78
16 79
16 84
16 86
16 89
16 95
17 18
17 21
17 22
17 23
17 29
17 34
17 41
17 42
17 44
17 45
17 46
17 49
17 50
17 54
17 55
17 61
17 65
17 70
17 71
17 72
17 82
17 84
17 91
17 92
17 94
17 95
17 98
18 20
18 21
18 27
18 28
18 29
18 32
18 33
18 35
18 36
18 42
18 43
18 46
18 47
18 53
18 54
18 58
18 60
18 61
18 62
18 63
18 68
18 69
18 79
18 83
18 84
18 88
18 89
18 95
19 28
19 29
19 31
19 34
19 36
19 37
19 40
19 42
19 50
19 51
19 54
19 58
19 60
19 63
19 70
19 75
19 79
19 82
19 83
19 87
19 88
19 90
19 91
19 92
19 97
20 26
20 27
20 30
20 31
20 34
20 36
20 37
20 39
20 50
20 57
20 60
20 61
20 62
20 66
20 68
20 69
20 71
20 72
20 76
20 81
20 83
20 89
20 91
20 94
20 95
20 96
21 22
21 28
21 30
21 32
21 33
21 37
21 44
21 47
21 49
21 52
21 59
21 64
21 65
21 68
21 70
21 77
21 78
21 80
21 81
21 92
21 96
21 98
21 99
22 25
22 27
22 28
22 34
22 36
22 42
22 43
22 47
22 51
22 53
22 54
22 55
22 60
22 62
22 63
22 65
22 71
22 72
22 78
22 90
22 91
22 93
22 95
22 97
22 99
23 33
23 37
23 42
23 44
23 47
23 57
23 59
23 61
23 69
23 70
23 72
23 77
23 80
23 81
23 86
23 88
23 89
23 90
23 91
23 97
24 26
24 28
24 29
24 32
24 38
24 40
24 43
24 46
24 48
24 51
24 55
24 59
24 60
24 63
24 65
24 66
24 67
24 70
24 75
24 83
24 85
24 86
24 89
24 90
24 97
25 27
25 28
25 29
25 31
25 35
25 45
25 46
25 47
25 48
25 51
25 53
25 54
25 55
25 60
25 62
25 70
25 71
25 73
25 74
25 77
25 78
25 80
25 81
25 87
25 89
25 95
25 96
26 31
26 32
26 33
26 37
26 43
26 49
26 50
26 52
26 54
26 58
26 60
26 62
26 72
26 75
26 77
26 78
26 79
26 81
26 84
26 86
26 87
26 88
26 89
26 91
26 92
26 94
26 95
27 33
27 38
27 44
27 47
27 49
27 51
27 52
27 54
27 59
27 62
27 63
27 64
27 66
27 67
27 70
27 72
27 73
27 82
27 85
27 92
27 94
27 97
27 99
28 40
28 41
28 42
28 47
28 48
28 50
28 52
28 55
28 56
28 58
28 64
28 67
28 70
28 75
28 83
28 84
28 87
28 89
28 94
28 98
29 30
29 32
29 33
29 35
29 36
29 39
29 44
29 47
29 51
29 58
29 60
29 67
29 72
29 74
29 76
29 77
29 79
29 86
29 91
29 95
29 99
30 32
30 34
30 35
30 41
30 43
30 44
30 48
30 49
30 50
30 55
30 56
30 57
30 59
30 61
30 63
30 64
30 66
30 69
30 71
30 79
30 81
30 88
30 90
30 93
30 98
30 99
31 32
31 35
31 36
31 41
31 43
31 45
31 46
31 57
31 59
31 62
31 65
31 66
31 67
31 71
31 73
31 76
31 78
31 80
31 81
31 84
31 87
31 96
31 99
32 38
32 39
32 42
32 47
32 51
32 55
32 62
32 70
32 71
32 72
32 76
32 77
32 80
32 83
32 85
32 86
32 89
32 90
32 96
32 98
33 39
33 42
33 50
33 51
33 52
33 53
33 55
33 56
33 60
33 61
33 68
33 70
33 73
33 77
33 78
33 83
33 85
33 91
33 92
33 94
33 96
34 36
34 43
34 47
34 49
34 54
34 57
34 58
34 60
34 64
34 66
34 70
34 71
34 74
34 78
34 79
34 81
34 85
34 91
34 94
34 96
34 97
34 98
34 99
35 36
35 38
35 40
35 42
35 48
35 49
35 58
35 59
35 67
35 69
35 72
35 73
35 75
35 80
35 82
35 83
35 87
35 88
35 91
35 96
35 97
35 98
36 38
36 41
36 43
36 46
36 49
36 56
36 57
36 64
36 66
36 71
36 74
36 78
36 84
36 88
36 90
36 93
36 95
36 96
36 99
37 38
37 43
37 44
37 45
37 48
37 52
37 53
37 57
37 60
37 67
37 68
37 69
37 72
37 73
37 74
37 76
37 77
37 78
37 82
37 94
37 97
38 39
38 46
38 47
38 50
38 51
38 55
38 60
38 61
38 62
38 67
38 71
38 78
38 82
38 87
38 88
38 89
38 91
38 95
38 97
39 43
39 51
39 53
39 68
39 73
39 77
39 78
39 79
39 82
39 83
39 84
39 86
39 87
39 88
39 93
39 94
39 97
40 41
40 44
40 45
40 48
40 49
40 52
40 53
40 55
40 56
40 57
40 61
40 63
40 72
40 75
40 76
40 78
40 82
40 84
40 85
40 87
40 88
40 89
40 93
40 96
40 99
41 43
41 47
41 50
41 51
41 54
41 57
41 61
41 62
41 65
41 69
41 72
41 73
41 83
41 84
41 87
41 91
41 93
41 94
41 96
41 97
41 98
41 99
42 43
42 45
42 46
42 48
42 51
42 53
42 56
42 63
42 74
42 79
42 80
42 91
42 93
42 95
42 98
43 44
43 45
43 48
43 57
43 58
43 64
43 68
43 71
43 73
43 75
43 81
43 82
43 85
43 86
43 88
43 91
43 93
43 97
44 45
44 48
44 50
44 53
44 56
44 59
44 63
44 66
44 72
44 74
44 77
44 78
44 81
44 83
44 89
44 94
44 95
44 96
45 48
45 53
45 57
45 60
45 61
45 63
45 65
45 66
45 68
45 71
45 73
45 77
45 81
45 83
45 85
45 89
45 90
45 97
45 98
46 50
46 52
46 55
46 57
46 59
46 62
46 63
46 65
46 68
46 74
46 75
46 76
46 79
46 80
46 83
46 87
46 88
46 89
46 92
46 96
47 54
47 55
47 56
47 58
47 59
47 61
47 62
47 65
47 67
47 70
47 71
47 76
47 77
47 79
47 80
47 85
47 90
47 92
48 55
48 58
48 60
48 63
48 64
48 65
48 69
48 72
48 74
48 78
48 84
48 86
48 88
48 89
48 92
48 95
49 56
49 57
49 58
49 59
49 60
49 61
49 70
49 71
49 72
49 74
49 75
49 78
49 82
49 86
49 88
49 92
50 51
50 56
50 57
50 62
50 64
50 67
50 68
50 73
50 74
50 76
50 78
50 83
50 88
50 90
50 91
50 99
51 52
51 53
51 58
51 59
51 64
51 65
51 67
51 70
51 71
51 73
51 78
51 80
51 88
51 93
51 95
51 98
51 99
52 54
52 55
52 62
52 65
52 67
52 70
52 73
52 74
52 76
52 77
52 80
52 87
52 88
52 90
52 94
52 95
52 97
52 98
53 55
53 56
53 58
53 60
53 62
53 64
53 65
53 68
53 71
53 72
53 73
53 79
53 91
53 95
53 97
54 61
54 62
54 66
54 67
54 69
54 70
54 71
54 72
54 76
54 77
54 81
54 82
54 89
54 90
54 91
54 93
54 98
55 56
55 59
55 68
55 77
55 78
55 79
55 81
55 86
55 87
55 88
55 94
55 97
55 99
56 64
56 65
56 66
56 67
56 69
56 71
56 72
56 73
56 80
56 83
56 84
56 87
56 92
56 95
56 98
56 99
57 61
57 68
57 70
57 72
57 73
57 84
57 85
57 86
57 87
57 88
57 93
57 94
57 95
57 99
58 61
58 65
58 70
58 72
58 73
58 74
58 75
58 79
58 85
58 91
58 92
58 98
59 60
59 62
59 65
59 66
59 71
59 75
59 76
59 83
59 85
59 90
59 93
59 95
59 98
60 64
60 70
60 71
60 73
60 77
60 78
60 79
60 83
60 85
60 92
60 94
60 98
60 99
61 63
61 64
61 68
61 70
61 73
61 76
61 79
61 80
61 83
61 84
61 98
62 64
62 67
62 68
62 71
62 75
62 78
62 90
62 93
62 94
62 96
63 66
63 69
63 70
63 71
63 73
63 76
63 77
63 78
63 80
63 82
63 84
63 87
63 91
63 92
63 93
64 65
64 67
64 68
64 69
64 72
64 79
64 80
64 85
64 86
64 91
64 98
65 67
65 71
65 80
65 81
65 82
65 85
65 88
65 90
65 95
65 96
66 67
66 74
66 80
66 81
66 83
66 84
66 85
66 87
66 88
66 91
66 92
66 94
66 95
66 96
66 97
67 69
67 72
67 73
67 81
67 88
67 90
67 91
67 92
67 98
68 80
68 81
68 84
68 85
68 90
68 93
68 95
68 96
68 97
69 74
69 76
69 77
69 78
69 79
69 83
69 90
69 91
69 92
69 93
69 94
69 97
70 73
70 80
70 86
70 93
70 96
71 72
71 73
71 80
71 87
71 91
71 94
72 74
72 77
72 82
72 90
72 92
73 81
73 90
73 93
73 97
74 75
74 76
74 79
74 84
74 86
74 89
74 94
74 95
75 76
75 79
75 82
75 90
75 92
75 93
75 95
75 98
76 78
76 82
76 84
76 85
76 87
76 91
76 96
76 97
76 98
77 82
77 84
77 85
77 89
77 91
77 94
77 95
77 99
78 82
78 86
78 90
78 93
78 94
78 97
79 80
79 83
79 85
79 90
80 84
80 86
80 87
80 89
80 92
80 95
80 96
81 84
81 85
81 93
81 96
81 98
81 99
82 87
82 91
82 93
82 94
82 96
82 98
83 84
83 85
83 87
83 89
83 90
83 98
83 99
84 86
84 88
84 89
84 93
84 98
84 99
85 86
85 87
85 88
85 89
85 91
85 94
85 99
86 87
86 89
86 90
86 93
86 97
86 99
87 89
87 90
88 90
88 92
88 97
88 98
89 92
89 96
91 94
92 94
92 96
92 97
92 99
94 96
95 96
95 97
95 99
96 98
97 98
