100 1650 0.3333333333333333 33 33
0 2
0 10
0 11
0 14
0 18
0 21
0 25
0 26
0 27
0 28
0 33
0 37
0 38
0 43
0 46
0 47
0 48
0 50
0 51
0 53
0 57
0 60
0 62
0 63
0 65
0 71
0 74
0 75
0 85
0 87
0 88
0 92
0 97
1 2
1 4
1 6
1 7
1 8
1 14
1 16
1 17
1 18
1 23
1 27
1 28
1 32
1 35
1 37
1 41
1 47
1 49
1 50
1 55
1 56
1 57
1 61
1 64
1 65
1 68
1 69
1 71
1 73
1 74
1 77
1 83
1 87
2 5
2 12
2 18
2 19
2 24
2 27
2 29
2 30
2 36
2 37
2 44
2 45
2 53
2 54
2 56
2 57
2 58
2 59
2 60
2 61
2 67
2 71
2 72
2 73
2 74
2 79
2 82
2 93
2 94
2 95
2 96
3 9
3 10
3 11
3 12
3 18
3 19
3 22
3 25
3 27
3 29
3 31
3 38
3 40
3 41
3 43
3 46
3 48
3 49
3 51
3 52
3 56
3 62
3 65
3 66
3 73
3 76
3 78
3 79
3 81
3 87
3 90
3 96
3 98
4 6
4 10
4 11
4 12
4 13
4 15
4 17
4 22
4 24
4 27
4 30
4 33
4 37
4 43
4 45
4 50
4 54
4 55
4 57
4 58
4 63
4 65
4 67
4 71
4 73
4 74
4 76
4 84
4 86
4 87
4 97
4 99
5 9
5 13
5 16
5 20
5 32
5 34
5 39
5 40
5 41
5 45
5 53
5 54
5 55
5 60
5 66
5 67
5 68
5 70
5 73
5 74
5 76
5 78
5 80
5 81
5 82
5 83
5 84
5 85
5 86
5 88
5 94
5 96
6 8
6 15
6 18
6 19
6 21
6 22
6 27
6 31
6 36
6 37
6 41
6 42
6 44
6 49
6 53
6 59
6 63
6 64
6 65
6 66
6 67
6 68
6 69
6 73
6 74
6 75
6 77
6 80
6 87
6 92
6 94
7 11
7 15
7 16
7 17
7 20
7 21
7 22
7 26
7 28
7 29
7 30
7 33
7 35
7 48
7 51
7 52
7 53
7 56
7 60
7 62
7 63
7 65
7 68
7 71
7 73
7 76
7 81
7 82
7 87
7 88
7 97
7 99
8 9
8 10
8 14
8 16
8 17
8 19
8 21
8 25
8 29
8 33
8 34
8 39
8 40
8 41
8 46
8 49
8 54
8 56
8 58
8 63
8 65
8 67
8 69
8 73
8 77
8 80
8 90
8 95
8 97
8 98
8 99
9 13
9 15
9 16
9 24
9 27
9 30
9 31
9 35
9 42
9 43
9 46
9 55
9 57
9 59
9 65
9 69
9 70
9 72
9 73
9 74
9 78
9 79
9 82
9 84
9 88
9 89
9 92
9 93
9 96
9 97
10 12
10 13
10 20
10 22
10 25
10 27
10 28
10 29
10 35
10 36
10 37
10 39
10 42
10 43
10 50
10 53
10 54
10 59
10 69
10 77
10 79
10 81
10 83
10 84
10 85
10 90
10 95
10 96
10 97
11 12
11 13
11 14
11 23
11 24
11 25
11 36
11 46
11 55
11 56
11 58
11 62
11 64
11 65
11 67
11 70
11 71
11 72
11 76
11 77
11 78
11 80
11 81
11 86
11 88
11 95
11 96
11 97
11 98
12 16
12 22
12 24
12 25
12 28
12 31
12 35
12 38
12 43
12 44
12 48
12 49
12 50
12 53
12 54
12 56
12 57
12 64
12 65
12 71
12 75
12 77
12 78
12 83
12 84
12 85
12 89
12 91
13 15
13 16
13 17
13 18
13 24
13 25
13 32
13 35
13 39
13 48
13 49
13 50
13 51
13 56
13 57
13 64
13 65
13 67
13 68
13 70
13 79
13 80
13 82
13 84
13 86
13 91
13 97
13 99
14 15
14 17
14 18
14 20
14 21
14 23
14 31
14 35
14 38
14 39
14 40
14 43
14 47
14 55
14 58
14 59
14 62
14 69
14 73
14 74
14 75
14 77
14 79
14 88
14 92
14 93
14 94
14 96
14 97
15 16
15 19
15 22
15 23
15 27
15 30
15 31
15 36
15 41
15 47
15 48
15 51
15 53
15 54
15 55
15 58
15 67
15 68
15 69
15 71
15 72
15 76
15 79
15 82
15 96
15 98
15 99
16 19
16 21
16 37
16 40
16 42
16 44
16 45
16 48
16 52
16 53
16 56
16 61
16 64
16 68
16 72
16 73
16 78
16 85
16 87
16 88
16 91
16 93
16 94
16 97
16 99
17 20
17 22
17 24
17 25
17 26
17 47
17 48
17 50
17 54
17 59
17 62
17 66
17 69
17 72
17 73
17 74
17 75
17 78
17 81
17 83
17 84
17 85
17 86
17 87
17 88
17 90
17 93
18 23
18 25
18 26
18 28
18 30
18 31
18 34
18 36
18 40
18 44
18 49
18 50
18 54
18 57
18 58
18 61
18 62
18 63
18 65
18 66
18 67
18 68
18 69
18 84
18 90
18 93
19 21
19 23
19 24
19 27
19 28
19 30
19 32
19 33
19 36
19 37
19 38
19 54
19 56
19 58
19 60
19 61
19 66
19 67
19 74
19 75
19 80
19 83
19 85
19 90
19 95
19 96
19 97
20 22
20 23
20 24
20 26
20 28
20 30
20 32
20 33
20 38
20 43
20 47
20 50
20 51
20 53
20 57
20 67
20 68
20 71
20 74
20 75
20 76
20 79
20 81
20 83
20 92
20 96
20 97
20 98
21 22
21 24
21 34
21 36
21 38
21 42
21 44
21 50
21 51
21 52
21 53
21 55
21 57
21 59
21 60
21 61
21 62
21 63
21 73
21 76
21 79
21 81
21 83
21 87
21 90
21 97
22 25
22 26
22 31
22 32
22 33
22 34
22 36
22 40
22 41
22 50
22 51
22 56
22 62
22 69
22 70
22 72
22 77
22 79
22 81
22 87
22 89
22 91
22 95
23 27
23 29
23 30
23 31
23 32
23 44
23 45
23 46
23 56
23 62
23 64
23 65
23 68
23 70
23 71
23 75
23 79
23 80
23 84
23 85
23 89
23 90
23 91
23 93
23 94
23 95
24 31
24 32
24 33
24 36
24 41
24 44
24 45
24 46
24 55
24 57
24 63
24 65
24 66
24 69
24 70
24 71
24 73
24 74
24 81
24 88
24 89
24 96
24 99
25 35
25 37
25 43
25 44
25 48
25 51
25 54
25 56
25 58
25 59
25 60
25 67
25 68
25 71
25 78
25 81
25 83
25 84
25 88
25 92
25 93
25 94
25 95
26 28
26 30
26 32
26 33
26 37
26 42
26 47
26 48
26 49
26 50
26 52
26 56
26 61
26 62
26 63
26 64
26 74
26 76
26 80
26 85
26 86
26 87
26 88
26 91
26 92
26 94
26 95
27 30
27 34
27 35
27 37
27 40
27 47
27 48
27 50
27 53
27 59
27 67
27 69
27 70
27 71
27 74
27 77
27 79
27 80
27 83
27 84
27 87
27 93
28 29
28 31
28 32
28 34
28 35
28 40
28 42
28 43
28 46
28 50
28 53
28 58
28 59
28 60
28 63
28 69
28 74
28 77
28 81
28 84
28 85
28 88
28 91
28 92
29 30
29 31
29 32
29 36
29 37
29 39
29 46
29 51
29 53
29 55
29 61
29 65
29 66
29 68
29 69
29 71
29 74
29 80
29 83
29 86
29 87
29 92
29 93
29 95
29 97
29 98
30 31
30 32
30 40
30 45
30 46
30 54
30 59
30 63
30 65
30 66
30 70
30 71
30 72
30 73
30 76
30 86
30 89
30 90
30 95
30 96
30 98
31 38
31 39
31 41
31 46
31 47
31 49
31 51
31 53
31 56
31 58
31 59
31 61
31 70
31 78
31 86
31 88
31 90
31 91
31 94
31 96
32 35
32 40
32 41
32 49
32 51
32 54
32 58
32 60
32 61
32 62
32 66
32 75
32 77
32 78
32 80
32 81
32 88
32 91
32 92
32 98
32 99
33 35
33 38
33 42
33 43
33 44
33 45
33 50
33 53
33 57
33 59
33 64
33 68
33 70
33 72
33 76
33 79
33 83
33 84
33 85
33 86
33 89
33 90
33 93
33 97
34 35
34 41
34 44
34 45
34 48
34 50
34 60
34 66
34 70
34 71
34 73
34 74
34 77
34 78
34 79
34 80
34 81
34 83
34 84
34 85
34 88
34 89
34 91
34 94
34 95
34 96
35 39
35 40
35 42
35 47
35 51
35 53
35 55
35 57
35 63
35 64
35 67
35 69
35 71
35 76
35 77
35 80
35 87
35 90
35 94
35 99
36 38
36 42
36 45
36 47
36 48
36 49
36 52
36 56
36 57
36 70
36 72
36 78
36 81
36 82
36 86
36 89
36 92
36 93
36 94
36 97
36 98
36 99
37 38
37 39
37 41
37 43
37 45
37 46
37 48
37 54
37 57
37 58
37 60
37 62
37 63
37 75
37 76
37 79
37 81
37 90
37 93
37 95
37 99
38 44
38 46
38 55
38 56
38 59
38 61
38 62
38 65
38 68
38 69
38 70
38 73
38 77
38 79
38 85
38 87
38 89
38 90
38 94
38 95
38 97
38 99
39 40
39 41
39 44
39 45
39 48
39 50
39 51
39 52
39 54
39 55
39 57
39 61
39 62
39 66
39 73
39 74
39 75
39 76
39 78
39 85
39 86
39 90
39 91
39 97
40 41
40 42
40 46
40 48
40 55
40 59
40 62
40 63
40 64
40 65
40 66
40 78
40 79
40 82
40 83
40 88
40 89
40 97
40 98
40 99
41 43
41 44
41 46
41 47
41 51
41 52
41 53
41 54
41 56
41 59
41 63
41 66
41 73
41 76
41 80
41 82
41 95
41 96
41 99
42 44
42 45
42 47
42 49
42 57
42 58
42 61
42 65
42 66
42 67
42 70
42 75
42 79
42 81
42 82
42 83
42 84
42 87
42 88
42 91
42 93
42 95
43 47
43 48
43 54
43 57
43 58
43 59
43 61
43 63
43 67
43 68
43 72
43 75
43 76
43 78
43 84
43 85
43 87
43 92
43 98
43 99
44 47
44 50
44 53
44 54
44 61
44 65
44 66
44 67
44 72
44 75
44 78
44 81
44 87
44 91
44 92
44 93
44 98
44 99
45 47
45 50
45 52
45 53
45 56
45 59
45 64
45 66
45 69
45 70
45 74
45 75
45 78
45 80
45 81
45 85
45 86
45 93
45 96
45 99
46 47
46 49
46 50
46 52
46 55
46 62
46 63
46 64
46 65
46 71
46 72
46 75
46 78
46 79
46 81
46 83
46 91
46 92
47 50
47 51
47 52
47 58
47 61
47 62
47 63
47 65
47 76
47 79
47 84
47 87
47 89
47 90
47 96
47 97
48 52
48 57
48 58
48 60
48 61
48 63
48 65
48 69
48 71
48 83
48 84
48 86
48 88
48 89
48 95
48 96
49 53
49 58
49 60
49 65
49 66
49 70
49 71
49 73
49 75
49 77
49 80
49 81
49 82
49 84
49 87
49 89
49 93
49 95
49 96
49 97
50 55
50 56
50 62
50 63
50 65
50 68
50 79
50 82
50 83
50 88
50 91
50 94
51 52
51 53
51 62
51 67
51 69
51 70
51 71
51 74
51 82
51 84
51 86
51 87
51 88
51 89
51 90
51 92
51 93
52 53
52 57
52 58
52 61
52 63
52 68
52 70
52 72
52 74
52 78
52 79
52 80
52 86
52 87
52 89
52 94
52 95
52 96
52 98
52 99
53 54
53 66
53 68
53 71
53 72
53 74
53 78
53 79
53 81
53 89
54 56
54 60
54 61
54 63
54 70
54 74
54 76
54 78
54 82
54 84
54 91
54 94
54 95
54 96
55 56
55 60
55 63
55 64
55 66
55 71
55 75
55 76
55 79
55 83
55 85
55 87
55 91
55 93
55 97
55 98
55 99
56 60
56 64
56 68
56 69
56 76
56 85
56 88
56 89
56 90
56 94
56 96
57 58
57 61
57 62
57 63
57 71
57 79
57 84
57 85
57 86
57 88
57 91
57 93
57 98
58 59
58 61
58 65
58 72
58 73
58 76
58 77
58 80
58 85
58 86
58 87
58 91
58 95
59 60
59 61
59 67
59 68
59 69
59 70
59 73
59 75
59 76
59 81
59 84
59 86
59 89
59 92
60 62
60 63
60 65
60 66
60 67
60 68
60 70
60 75
60 77
60 80
60 82
60 87
60 88
60 92
60 93
60 95
61 64
61 70
61 71
61 77
61 82
61 86
61 87
61 91
61 92
61 96
61 98
62 63
62 64
62 68
62 74
62 75
62 81
62 83
62 91
62 94
62 98
62 99
63 64
63 75
63 76
63 82
63 84
63 90
63 97
64 67
64 68
64 69
64 71
64 72
64 76
64 78
64 83
64 86
64 87
64 89
64 92
64 93
64 96
64 97
65 71
65 73
65 75
65 90
65 92
65 99
66 69
66 70
66 75
66 76
66 78
66 82
66 85
66 87
66 94
66 96
66 97
66 99
67 69
67 72
67 75
67 76
67 81
67 82
67 84
67 85
67 86
67 87
67 94
67 97
68 71
68 72
68 75
68 76
68 80
68 87
68 89
68 92
68 94
68 95
69 80
69 82
69 84
69 85
69 90
69 92
69 94
69 95
69 97
70 76
70 82
70 85
70 86
70 93
70 95
70 97
70 98
70 99
71 79
71 89
71 94
71 98
71 99
72 74
72 77
72 78
72 80
72 82
72 83
72 84
72 86
72 88
72 89
72 92
72 94
72 95
72 98
73 75
73 77
73 80
73 81
73 82
73 87
73 89
73 90
73 92
73 93
74 75
74 77
74 79
74 82
74 90
74 91
74 97
74 99
75 77
75 81
75 83
75 85
75 91
76 81
76 89
76 94
76 96
76 99
77 78
77 80
77 85
77 86
77 88
77 90
77 91
77 92
77 95
77 97
77 98
78 80
78 82
78 83
78 88
78 91
78 93
78 94
78 98
79 82
79 88
79 92
79 93
79 94
79 99
80 81
80 86
80 89
80 90
80 91
80 92
80 97
80 98
81 82
81 93
81 96
81 99
82 83
82 85
82 87
82 89
82 90
82 93
83 86
83 88
83 89
83 90
83 91
83 96
83 98
83 99
84 88
84 90
84 92
84 95
84 96
84 98
85 86
85 88
85 89
85 91
85 96
85 98
86 87
86 89
86 90
86 94
86 98
88 93
88 94
88 99
89 90
89 94
89 95
90 91
90 92
90 93
91 92
91 93
91 95
91 98
92 93
92 95
92 98
93 97
94 95
94 98
94 99
95 98
96 97
96 98
96 99
98 99
