100 1700 0.3434343434343434 34 34
0 3
0 10
0 14
0 16
0 22
0 24
0 27
0 28
0 35
0 38
0 41
0 42
0 48
0 49
0 51
0 52
0 54
0 56
0 58
0 59
0 62
0 63
0 65
0 68
0 74
0 76
0 77
0 78
0 80
0 90
0 91
0 93
0 97
0 99
1 5
1 9
1 10
1 11
1 14
1 15
1 20
1 21
1 22
1 25
1 26
1 28
1 30
1 35
1 38
1 39
1 41
1 44
1 48
1 52
1 53
1 54
1 59
1 61
1 73
1 74
1 77
1 78
1 81
1 84
1 87
1 88
1 89
1 99
2 3
2 6
2 14
2 18
2 20
2 22
2 23
2 24
2 31
2 33
2 35
2 38
2 39
2 41
2 43
2 45
2 49
2 53
2 57
2 59
2 60
2 62
2 68
2 72
2 74
2 75
2 81
2 83
2 84
2 87
2 88
2 91
2 93
2 94
3 6
3 16
3 18
3 20
3 21
3 22
3 23
3 28
3 29
3 31
3 33
3 36
3 37
3 39
3 44
3 47
3 48
3 49
3 51
3 52
3 58
3 65
3 74
3 75
3 77
3 84
3 86
3 87
3 89
3 92
3 93
3 98
4 6
4 7
4 8
4 10
4 15
4 23
4 24
4 27
4 31
4 34
4 40
4 42
4 43
4 46
4 48
4 50
4 51
4 52
4 56
4 57
4 61
4 62
4 63
4 69
4 75
4 76
4 78
4 82
4 84
4 88
4 89
4 91
4 94
4 99
5 7
5 9
5 16
5 19
5 24
5 26
5 30
5 31
5 34
5 36
5 39
5 40
5 41
5 42
5 43
5 53
5 54
5 59
5 64
5 66
5 68
5 69
5 70
5 72
5 74
5 76
5 78
5 85
5 92
5 93
5 94
5 95
5 99
6 8
6 10
6 11
6 12
6 15
6 18
6 26
6 27
6 31
6 34
6 41
6 42
6 44
6 46
6 48
6 50
6 52
6 56
6 61
6 62
6 63
6 64
6 71
6 76
6 81
6 82
6 90
6 91
6 92
6 93
6 99
7 9
7 13
7 15
7 20
7 22
7 31
7 39
7 42
7 46
7 49
7 52
7 53
7 54
7 55
7 57
7 60
7 63
7 64
7 67
7 68
7 72
7 73
7 75
7 79
7 80
7 85
7 86
7 88
7 92
7 94
7 95
7 97
8 12
8 13
8 16
8 23
8 25
8 26
8 29
8 35
8 38
8 39
8 41
8 42
8 47
8 48
8 50
8 52
8 56
8 57
8 60
8 62
8 64
8 70
8 72
8 73
8 76
8 78
8 79
8 81
8 83
8 90
8 93
8 96
9 10
9 15
9 16
9 19
9 21
9 24
9 25
9 28
9 29
9 33
9 35
9 38
9 45
9 49
9 51
9 59
9 61
9 65
9 66
9 67
9 68
9 70
9 74
9 79
9 82
9 86
9 87
9 90
9 92
9 93
9 98
10 11
10 12
10 13
10 20
10 21
10 26
10 29
10 33
10 34
10 37
10 39
10 40
10 44
10 45
10 47
10 49
10 52
10 56
10 57
10 65
10 66
10 69
10 74
10 77
10 78
10 84
10 87
10 88
10 92
11 17
11 19
11 28
11 29
11 30
11 33
11 34
11 36
11 39
11 41
11 45
11 46
11 50
11 51
11 52
11 54
11 55
11 56
11 61
11 65
11 66
11 71
11 73
11 77
11 80
11 83
11 85
11 87
11 91
11 95
11 98
12 13
12 16
12 17
12 20
12 21
12 25
12 26
12 27
12 31
12 33
12 38
12 40
12 41
12 43
12 44
12 45
12 47
12 53
12 54
12 60
12 63
12 65
12 71
12 73
12 74
12 75
12 79
12 84
12 86
12 89
12 98
13 15
13 19
13 24
13 25
13 32
13 33
13 36
13 37
13 43
13 46
13 47
13 48
13 54
13 56
13 65
13 66
13 68
13 72
13 74
13 76
13 81
13 85
13 87
13 88
13 89
13 94
13 95
13 96
13 97
13 98
14 16
14 18
14 20
14 24
14 25
14 26
14 28
14 30
14 36
14 38
14 42
14 45
14 60
14 65
14 66
14 69
14 73
14 76
14 77
14 78
14 80
14 82
14 85
14 86
14 87
14 89
14 93
14 94
14 95
14 96
14 97
15 17
15 24
15 28
15 29
15 35
15 36
15 37
15 48
15 49
15 52
15 54
15 60
15 61
15 62
15 64
15 65
15 67
15 69
15 71
15 72
15 74
15 80
15 82
15 84
15 86
15 87
15 92
15 97
16 21
16 23
16 32
16 34
16 42
16 46
16 49
16 54
16 59
16 63
16 65
16 67
16 71
16 72
16 77
16 79
16 82
16 84
16 85
16 86
16 89
16 90
16 91
16 92
16 95
16 97
16 99
17 19
17 21
17 25
17 27
17 29
17 34
17 43
17 48
17 49
17 50
17 52
17 53
17 55
17 56
17 58
17 59
17 60
17 62
17 63
17 66
17 67
17 71
17 72
17 73
17 81
17 83
17 88
17 91
17 95
17 98
17 99
18 19
18 20
18 21
18 27
18 28
18 31
18 32
18 34
18 35
18 37
18 39
18 40
18 41
18 44
18 48
18 51
18 55
18 56
18 62
18 70
18 75
18 76
18 78
18 80
18 82
18 87
18 88
18 92
18 96
18 99
19 20
19 26
19 27
19 29
19 30
19 31
19 32
19 33
19 44
19 45
19 51
19 52
19 58
19 59
19 60
19 61
19 65
19 71
19 72
19 73
19 75
19 76
19 77
19 83
19 84
19 91
19 95
19 98
20 23
20 26
20 29
20 31
20 34
20 38
20 39
20 40
20 41
20 46
20 57
20 60
20 62
20 63
20 67
20 70
20 76
20 79
20 87
20 88
20 89
20 90
20 93
20 97
20 98
21 28
21 31
21 33
21 34
21 42
21 45
21 46
21 50
21 53
21 54
21 55
21 59
21 62
21 65
21 68
21 73
21 78
21 79
21 87
21 91
21 92
21 93
21 96
21 97
21 98
21 99
22 23
22 27
22 28
22 29
22 32
22 44
22 52
22 57
22 59
22 60
22 64
22 66
22 69
22 72
22 74
22 75
22 76
22 77
22 78
22 79
22 80
22 81
22 82
22 83
22 85
22 86
22 87
22 91
22 93
23 24
23 26
23 28
23 29
23 31
23 32
23 33
23 36
23 38
23 40
23 42
23 43
23 46
23 48
23 56
23 61
23 67
23 68
23 70
23 73
23 74
23 80
23 81
23 83
23 88
23 92
23 97
24 27
24 29
24 30
24 41
24 43
24 48
24 55
24 56
24 59
24 61
24 62
24 63
24 67
24 72
24 73
24 74
24 75
24 81
24 85
24 88
24 89
24 90
24 93
24 96
24 99
25 26
25 35
25 36
25 37
25 42
25 45
25 46
25 47
25 49
25 54
25 64
25 66
25 69
25 70
25 74
25 76
25 77
25 78
25 79
25 80
25 82
25 83
25 84
25 87
25 95
25 97
25 99
26 30
26 35
26 38
26 40
26 53
26 54
26 55
26 58
26 59
26 71
26 72
26 74
26 77
26 79
26 80
26 81
26 83
26 84
26 85
26 88
26 91
26 92
26 98
27 39
27 40
27 42
27 43
27 45
27 49
27 55
27 58
27 63
27 66
27 69
27 70
27 72
27 75
27 80
27 83
27 84
27 85
27 86
27 88
27 89
27 90
27 92
27 94
27 95
28 30
28 31
28 32
28 35
28 37
28 39
28 40
28 41
28 42
28 44
28 48
28 60
28 67
28 69
28 70
28 76
28 81
28 82
28 89
28 90
28 92
28 95
28 99
29 31
29 33
29 36
29 38
29 43
29 44
29 47
29 53
29 56
29 57
29 65
29 68
29 69
29 70
29 75
29 79
29 82
29 85
29 90
29 95
29 98
29 99
30 41
30 43
30 45
30 47
30 48
30 51
30 53
30 54
30 55
30 62
30 64
30 66
30 67
30 68
30 71
30 82
30 83
30 84
30 85
30 86
30 89
30 91
30 94
30 96
30 97
30 98
31 35
31 40
31 43
31 50
31 51
31 53
31 55
31 59
31 63
31 65
31 75
31 76
31 79
31 81
31 84
31 89
31 93
31 95
31 96
31 99
32 36
32 37
32 43
32 45
32 50
32 51
32 53
32 54
32 55
32 57
32 60
32 62
32 63
32 64
32 65
32 66
32 67
32 68
32 71
32 74
32 77
32 80
32 84
32 92
32 94
32 97
32 98
33 35
33 41
33 45
33 46
33 47
33 50
33 56
33 62
33 68
33 70
33 71
33 72
33 73
33 77
33 79
33 80
33 82
33 86
33 87
33 92
33 93
33 96
33 99
34 37
34 46
34 47
34 49
34 53
34 55
34 61
34 65
34 68
34 69
34 70
34 72
34 74
34 75
34 76
34 78
34 79
34 80
34 84
34 85
34 86
34 89
34 90
34 91
35 37
35 39
35 43
35 44
35 46
35 47
35 49
35 53
35 58
35 59
35 61
35 62
35 68
35 70
35 77
35 81
35 83
35 84
35 89
35 93
35 96
35 98
36 39
36 45
36 49
36 51
36 52
36 53
36 55
36 58
36 61
36 62
36 64
36 70
36 75
36 78
36 79
36 80
36 86
36 90
36 91
36 92
36 93
36 95
36 97
36 98
37 38
37 40
37 42
37 44
37 45
37 48
37 49
37 51
37 52
37 53
37 54
37 56
37 57
37 58
37 62
37 65
37 67
37 73
37 77
37 79
37 83
37 87
37 89
37 95
38 39
38 41
38 43
38 46
38 53
38 58
38 62
38 65
38 66
38 67
38 68
38 71
38 73
38 75
38 81
38 82
38 84
38 88
38 89
38 90
38 94
38 96
39 40
39 43
39 44
39 45
39 50
39 51
39 58
39 65
39 67
39 68
39 69
39 71
39 72
39 77
39 83
39 84
39 88
39 91
39 97
40 41
40 43
40 44
40 46
40 48
40 50
40 53
40 58
40 59
40 61
40 64
40 66
40 67
40 73
40 76
40 86
40 91
40 92
40 95
40 98
40 99
41 49
41 50
41 52
41 54
41 57
41 59
41 61
41 64
41 69
41 70
41 75
41 78
41 79
41 82
41 85
41 88
41 94
41 99
42 44
42 50
42 52
42 54
42 57
42 59
42 63
42 66
42 69
42 78
42 79
42 81
42 82
42 84
42 85
42 86
42 91
42 96
42 98
42 99
43 45
43 46
43 51
43 52
43 55
43 56
43 57
43 61
43 71
43 72
43 73
43 74
43 80
43 86
43 89
43 94
43 96
44 47
44 50
44 57
44 59
44 61
44 63
44 66
44 68
44 69
44 72
44 75
44 77
44 78
44 81
44 86
44 87
44 91
44 93
44 96
45 46
45 48
45 51
45 52
45 59
45 60
45 64
45 69
45 76
45 77
45 79
45 81
45 86
45 87
45 91
45 92
45 97
46 47
46 48
46 49
46 50
46 53
46 54
46 56
46 60
46 63
46 66
46 70
46 82
46 86
46 87
46 91
46 94
46 95
47 49
47 51
47 52
47 55
47 56
47 57
47 58
47 60
47 65
47 66
47 69
47 70
47 72
47 74
47 76
47 81
47 85
47 87
47 94
47 96
47 97
48 51
48 52
48 57
48 58
48 64
48 66
48 68
48 71
48 73
48 79
48 80
48 82
48 85
48 90
48 91
48 97
49 52
49 53
49 54
49 60
49 67
49 70
49 71
49 78
49 81
49 85
49 88
49 90
49 93
49 95
49 97
49 99
50 56
50 57
50 58
50 59
50 62
50 63
50 68
50 71
50 72
50 76
50 77
50 78
50 80
50 86
50 88
50 89
50 91
50 95
50 97
51 52
51 58
51 65
51 67
51 71
51 79
51 80
51 83
51 85
51 86
51 87
51 88
51 89
51 90
51 95
51 98
51 99
52 56
52 64
52 67
52 70
52 80
52 81
52 90
52 93
52 97
52 98
52 99
53 54
53 55
53 57
53 59
53 64
53 65
53 69
53 76
53 82
53 85
53 86
53 89
53 94
53 95
54 57
54 60
54 61
54 63
54 67
54 70
54 75
54 77
54 78
54 80
54 83
54 86
54 88
54 94
55 56
55 57
55 58
55 59
55 61
55 63
55 64
55 68
55 75
55 76
55 81
55 86
55 88
55 90
55 91
55 92
55 94
55 99
56 58
56 59
56 60
56 63
56 64
56 67
56 70
56 74
56 79
56 83
56 84
56 90
56 93
56 94
57 60
57 62
57 64
57 66
57 67
57 70
57 71
57 78
57 79
57 83
57 84
57 86
57 87
57 96
58 59
58 63
58 68
58 69
58 73
58 76
58 78
58 83
58 84
58 85
58 87
58 89
58 92
58 93
58 94
58 98
59 60
59 61
59 63
59 72
59 74
59 76
59 85
59 87
59 88
59 99
60 63
60 65
60 66
60 68
60 69
60 70
60 71
60 73
60 77
60 81
60 84
60 89
60 94
60 98
61 62
61 63
61 65
61 66
61 68
61 70
61 72
61 73
61 74
61 80
61 81
61 88
61 90
61 93
61 96
62 65
62 69
62 71
62 73
62 74
62 75
62 77
62 80
62 86
62 87
62 92
62 93
62 98
63 70
63 72
63 77
63 82
63 84
63 93
63 94
63 95
63 96
63 97
63 98
64 67
64 68
64 69
64 71
64 74
64 77
64 79
64 80
64 81
64 82
64 91
64 93
64 94
64 96
64 99
65 69
65 75
65 76
65 78
65 80
65 84
65 94
65 96
65 98
66 67
66 70
66 71
66 73
66 77
66 80
66 82
66 84
66 89
66 90
66 97
66 98
67 68
67 71
67 75
67 78
67 83
67 85
67 88
67 89
67 90
67 96
67 99
68 69
68 72
68 73
68 77
68 79
68 82
68 89
68 92
68 95
69 71
69 73
69 77
69 78
69 80
69 82
69 84
69 88
69 90
69 93
70 72
70 76
70 77
70 82
70 85
70 86
70 91
70 96
71 73
71 74
71 76
71 83
71 85
71 90
71 93
71 94
71 96
72 73
72 75
72 78
72 86
72 88
72 89
72 92
72 94
72 99
73 75
73 77
73 80
73 84
73 85
73 92
73 95
73 97
74 75
74 78
74 79
74 87
74 89
74 94
74 95
74 96
74 98
75 76
75 79
75 83
75 88
75 90
75 91
75 93
75 94
75 97
76 80
76 81
76 82
76 90
76 91
76 94
76 95
77 79
77 81
77 94
77 95
77 97
78 82
78 86
78 88
78 90
78 91
78 95
78 96
78 97
79 89
79 91
79 95
79 96
79 97
79 98
80 83
80 87
80 91
80 93
80 97
81 83
81 86
81 88
81 90
81 91
81 93
81 96
81 97
82 84
82 85
82 86
82 87
82 89
82 93
82 97
83 84
83 85
83 86
83 87
83 88
83 91
83 92
83 93
83 94
83 98
84 87
84 98
84 99
85 88
85 89
85 94
85 95
85 96
85 99
86 90
86 92
87 89
87 92
87 96
87 97
88 92
88 98
88 99
89 92
89 97
90 93
90 94
90 96
90 97
90 98
91 92
91 98
92 95
92 98
92 99
93 96
94 95
94 96
95 96
95 99
96 99
97 99
98 99
