100 1750 0.35353535353535354 35 35
0 2
0 7
0 16
0 17
0 20
0 21
0 24
0 25
0 26
0 33
0 34
0 35
0 40
0 41
0 43
0 44
0 51
0 53
0 54
0 55
0 56
0 57
0 58
0 61
0 63
0 70
0 71
0 72
0 74
0 77
0 78
0 83
0 86
0 89
0 95
1 3
1 5
1 8
1 9
1 13
1 15
1 18
1 22
1 24
1 28
1 29
1 32
1 38
1 40
1 43
1 49
1 50
1 52
1 55
1 56
1 58
1 61
1 62
1 64
1 65
1 69
1 72
1 74
1 76
1 77
1 82
1 91
1 93
1 95
1 96
2 3
2 4
2 5
2 6
2 7
2 11
2 16
2 17
2 18
2 19
2 20
2 23
2 27
2 29
2 37
2 38
2 43
2 49
2 51
2 53
2 59
2 60
2 62
2 66
2 69
2 71
2 75
2 76
2 78
2 79
2 88
2 90
2 94
2 97
3 5
3 6
3 8
3 10
3 11
3 12
3 14
3 20
3 22
3 28
3 30
3 31
3 33
3 34
3 42
3 59
3 64
3 65
3 69
3 70
3 73
3 76
3 78
3 83
3 86
3 89
3 90
3 93
3 94
3 95
3 96
3 97
3 98
4 7
4 9
4 10
4 12
4 14
4 15
4 17
4 18
4 20
4 23
4 24
4 25
4 29
4 36
4 37
4 39
4 40
4 43
4 44
4 47
4 48
4 49
4 59
4 60
4 65
4 70
4 73
4 76
4 78
4 79
4 90
4 94
4 98
4 99
5 12
5 15
5 16
5 17
5 20
5 23
5 24
5 29
5 31
5 33
5 36
5 42
5 44
5 53
5 55
5 56
5 57
5 58
5 59
5 60
5 62
5 63
5 67
5 70
5 72
5 76
5 77
5 80
5 91
5 92
5 94
5 97
6 7
6 8
6 11
6 13
6 16
6 24
6 34
6 36
6 37
6 47
6 48
6 49
6 51
6 53
6 54
6 55
6 67
6 70
6 71
6 73
6 75
6 76
6 78
6 86
6 87
6 88
6 89
6 90
6 92
6 94
6 95
6 96
6 98
7 8
7 11
7 16
7 19
7 20
7 24
7 25
7 27
7 28
7 30
7 31
7 33
7 38
7 41
7 45
7 47
7 50
7 59
7 61
7 62
7 65
7 68
7 75
7 78
7 79
7 81
7 82
7 86
7 89
7 96
7 99
8 10
8 13
8 19
8 21
8 23
8 24
8 34
8 38
8 39
8 40
8 43
8 46
8 47
8 48
8 57
8 58
8 59
8 61
8 64
8 66
8 67
8 71
8 78
8 81
8 83
8 84
8 85
8 86
8 96
8 97
8 99
9 10
9 12
9 13
9 15
9 16
9 22
9 26
9 28
9 30
9 31
9 33
9 34
9 35
9 37
9 39
9 40
9 42
9 45
9 47
9 60
9 63
9 65
9 66
9 67
9 68
9 76
9 79
9 80
9 81
9 83
9 85
9 87
9 90
10 16
10 17
10 19
10 21
10 22
10 27
10 29
10 32
10 38
10 40
10 41
10 45
10 46
10 50
10 52
10 57
10 66
10 68
10 69
10 70
10 72
10 73
10 77
10 80
10 82
10 83
10 84
10 85
10 86
10 91
10 95
11 12
11 14
11 15
11 22
11 25
11 27
11 29
11 33
11 36
11 40
11 44
11 46
11 48
11 49
11 51
11 52
11 55
11 57
11 66
11 68
11 71
11 74
11 77
11 79
11 83
11 84
11 86
11 88
11 90
11 98
11 99
12 13
12 15
12 16
12 17
12 18
12 20
12 23
12 28
12 34
12 36
12 38
12 44
12 45
12 48
12 57
12 58
12 59
12 61
12 64
12 69
12 72
12 74
12 75
12 76
12 82
12 84
12 87
12 92
12 93
12 94
13 16
13 19
13 25
13 27
13 29
13 33
13 34
13 36
13 37
13 41
13 45
13 47
13 48
13 51
13 53
13 54
13 56
13 59
13 79
13 82
13 83
13 84
13 86
13 87
13 88
13 89
13 90
13 91
13 92
13 97
14 17
14 23
14 25
14 26
14 27
14 29
14 41
14 42
14 43
14 45
14 46
14 47
14 51
14 53
14 59
14 60
14 61
14 62
14 64
14 65
14 66
14 69
14 70
14 72
14 73
14 74
14 76
14 79
14 87
14 88
14 95
14 97
15 20
15 21
15 26
15 32
15 33
15 34
15 41
15 43
15 45
15 47
15 50
15 52
15 53
15 56
15 59
15 62
15 64
15 69
15 71
15 74
15 75
15 76
15 78
15 80
15 84
15 85
15 93
15 94
15 99
16 22
16 23
16 30
16 34
16 45
16 46
16 47
16 48
16 51
16 59
16 60
16 64
16 65
16 66
16 70
16 71
16 72
16 73
16 74
16 78
16 80
16 81
16 84
16 88
16 89
16 98
17 21
17 26
17 29
17 30
17 35
17 39
17 43
17 45
17 48
17 52
17 55
17 57
17 61
17 64
17 68
17 71
17 75
17 78
17 79
17 84
17 85
17 86
17 87
17 90
17 91
17 92
17 95
17 97
18 20
18 22
18 27
18 28
18 31
18 34
18 36
18 38
18 40
18 41
18 43
18 44
18 46
18 54
18 55
18 56
18 57
18 58
18 61
18 67
18 75
18 76
18 82
18 85
18 86
18 89
18 90
18 91
18 93
18 96
18 97
19 22
19 23
19 25
19 26
19 29
19 30
19 31
19 33
19 36
19 39
19 40
19 41
19 42
19 43
19 44
19 51
19 52
19 57
19 62
19 65
19 69
19 74
19 78
19 85
19 89
19 90
19 94
19 97
19 98
19 99
20 21
20 23
20 25
20 26
20 27
20 30
20 35
20 37
20 39
20 40
20 41
20 50
20 52
20 53
20 54
20 55
20 56
20 58
20 63
20 64
20 68
20 78
20 84
20 93
20 95
20 97
21 22
21 23
21 27
21 30
21 31
21 32
21 36
21 38
21 40
21 41
21 48
21 54
21 55
21 58
21 60
21 61
21 62
21 70
21 71
21 74
21 75
21 78
21 80
21 81
21 82
21 87
21 91
21 92
21 98
22 23
22 24
22 31
22 37
22 39
22 42
22 47
22 50
22 53
22 55
22 56
22 57
22 61
22 62
22 68
22 69
22 70
22 72
22 73
22 79
22 80
22 84
22 85
22 86
22 95
22 99
23 29
23 31
23 35
23 38
23 39
23 40
23 49
23 51
23 53
23 54
23 56
23 59
23 63
23 66
23 69
23 70
23 73
23 76
23 80
23 88
23 89
23 91
23 92
23 94
24 25
24 27
24 28
24 36
24 39
24 42
24 43
24 47
24 49
24 50
24 54
24 57
24 61
24 63
24 68
24 69
24 71
24 75
24 78
24 82
24 85
24 86
24 87
24 92
24 93
24 98
24 99
25 30
25 40
25 43
25 44
25 49
25 51
25 53
25 54
25 62
25 63
25 64
25 67
25 69
25 72
25 75
25 77
25 81
25 83
25 85
25 87
25 88
25 92
25 93
25 94
25 95
25 98
26 28
26 31
26 32
26 36
26 39
26 42
26 43
26 49
26 50
26 56
26 57
26 62
26 63
26 64
26 66
26 69
26 73
26 77
26 79
26 81
26 82
26 83
26 85
26 87
26 88
26 89
26 95
26 98
27 28
27 30
27 31
27 39
27 41
27 42
27 45
27 48
27 49
27 52
27 53
27 54
27 60
27 62
27 64
27 67
27 68
27 69
27 70
27 74
27 85
27 86
27 91
27 93
27 99
28 30
28 33
28 35
28 37
28 43
28 45
28 48
28 53
28 54
28 56
28 57
28 58
28 59
28 61
28 70
28 72
28 74
28 76
28 77
28 80
28 81
28 86
28 88
28 89
28 90
28 96
29 30
29 34
29 35
29 42
29 43
29 44
29 48
29 55
29 58
29 61
29 63
29 65
29 68
29 73
29 75
29 76
29 77
29 81
29 84
29 87
29 90
29 93
29 95
29 99
30 31
30 38
30 42
30 43
30 47
30 52
30 58
30 59
30 60
30 64
30 66
30 67
30 74
30 76
30 80
30 83
30 84
30 86
30 88
30 90
30 92
30 93
30 95
31 35
31 38
31 40
31 45
31 48
31 51
31 53
31 54
31 58
31 62
31 63
31 64
31 75
31 77
31 80
31 86
31 88
31 90
31 93
31 94
31 96
31 97
31 99
32 34
32 38
32 42
32 45
32 47
32 49
32 51
32 53
32 54
32 59
32 66
32 68
32 70
32 71
32 72
32 73
32 75
32 76
32 77
32 80
32 81
32 82
32 83
32 89
32 90
32 91
32 92
32 93
32 98
32 99
33 34
33 39
33 41
33 42
33 43
33 44
33 46
33 52
33 54
33 56
33 57
33 59
33 65
33 68
33 70
33 71
33 82
33 83
33 84
33 85
33 89
33 90
33 94
33 95
33 96
34 35
34 36
34 38
34 40
34 42
34 48
34 49
34 51
34 54
34 57
34 62
34 65
34 70
34 79
34 82
34 85
34 87
34 90
34 94
34 96
34 97
34 98
35 37
35 38
35 40
35 41
35 47
35 50
35 51
35 52
35 56
35 58
35 59
35 60
35 61
35 65
35 70
35 74
35 75
35 84
35 86
35 91
35 92
35 94
35 95
35 96
35 97
35 98
36 37
36 38
36 41
36 49
36 50
36 51
36 53
36 56
36 58
36 60
36 66
36 73
36 74
36 75
36 77
36 80
36 83
36 84
36 85
36 86
36 88
36 89
36 95
37 40
37 41
37 44
37 49
37 50
37 52
37 55
37 56
37 57
37 59
37 60
37 64
37 65
37 66
37 67
37 69
37 71
37 72
37 73
37 75
37 77
37 88
37 89
37 92
37 93
38 46
38 49
38 50
38 53
38 57
38 60
38 61
38 62
38 64
38 66
38 68
38 70
38 71
38 73
38 84
38 86
38 89
38 90
38 92
38 95
39 42
39 47
39 50
39 51
39 52
39 59
39 62
39 65
39 66
39 68
39 72
39 73
39 75
39 77
39 80
39 81
39 83
39 85
39 87
39 88
39 90
39 93
39 94
40 41
40 44
40 53
40 56
40 58
40 67
40 68
40 69
40 71
40 72
40 75
40 76
40 77
40 78
40 80
40 83
40 87
40 91
41 42
41 46
41 48
41 50
41 51
41 57
41 63
41 65
41 70
41 71
41 73
41 75
41 80
41 83
41 84
41 89
41 94
41 95
41 99
42 46
42 48
42 49
42 53
42 55
42 57
42 58
42 62
42 69
42 71
42 76
42 79
42 81
42 82
42 88
42 89
42 93
42 94
42 99
43 47
43 49
43 52
43 53
43 54
43 55
43 56
43 59
43 60
43 62
43 63
43 69
43 70
43 79
43 81
43 84
43 89
43 91
44 46
44 49
44 50
44 51
44 54
44 55
44 57
44 59
44 67
44 68
44 69
44 70
44 71
44 74
44 77
44 81
44 82
44 87
44 88
44 90
44 91
44 95
44 96
45 49
45 54
45 58
45 60
45 62
45 63
45 65
45 66
45 67
45 68
45 71
45 72
45 74
45 82
45 83
45 87
45 88
45 90
45 94
45 96
45 98
45 99
46 47
46 52
46 53
46 55
46 56
46 63
46 64
46 65
46 66
46 69
46 70
46 71
46 73
46 75
46 76
46 79
46 84
46 85
46 86
46 88
46 91
46 92
46 93
46 99
47 50
47 51
47 54
47 55
47 56
47 60
47 62
47 63
47 69
47 72
47 82
47 83
47 84
47 87
47 88
47 96
47 97
47 99
48 50
48 52
48 56
48 58
48 61
48 65
48 67
48 71
48 74
48 77
48 78
48 79
48 81
48 85
48 87
48 89
48 92
48 95
48 97
49 50
49 54
49 61
49 62
49 63
49 67
49 70
49 71
49 87
49 89
49 90
49 92
49 95
49 97
49 98
49 99
50 53
50 56
50 57
50 58
50 60
50 61
50 62
50 66
50 72
50 73
50 77
50 79
50 82
50 83
50 92
50 95
50 98
51 52
51 53
51 54
51 55
51 59
51 64
51 66
51 68
51 77
51 79
51 80
51 81
51 82
51 91
51 94
51 95
52 54
52 63
52 70
52 71
52 72
52 73
52 75
52 77
52 85
52 86
52 89
52 91
52 92
52 93
52 94
52 96
52 98
52 99
53 57
53 62
53 65
53 66
53 77
53 79
53 81
53 82
53 85
53 89
53 90
53 96
54 55
54 57
54 61
54 75
54 79
54 80
54 82
54 83
54 88
54 89
54 93
54 94
54 98
55 58
55 63
55 67
55 71
55 72
55 73
55 75
55 78
55 80
55 81
55 83
55 86
55 91
55 96
55 98
55 99
56 62
56 64
56 65
56 67
56 72
56 73
56 78
56 80
56 82
56 83
56 84
56 95
56 97
56 98
57 59
57 63
57 64
57 68
57 70
57 73
57 78
57 86
57 91
57 92
57 94
57 95
58 60
58 61
58 66
58 70
58 72
58 73
58 74
58 78
58 80
58 83
58 91
58 95
58 96
58 98
58 99
59 65
59 66
59 67
59 70
59 74
59 75
59 76
59 82
59 83
59 87
59 93
59 99
60 61
60 65
60 68
60 71
60 74
60 76
60 78
60 79
60 80
60 81
60 83
60 84
60 85
60 87
60 90
60 91
60 92
61 62
61 65
61 67
61 69
61 71
61 75
61 76
61 80
61 81
61 83
61 86
61 89
61 98
61 99
62 65
62 67
62 68
62 69
62 71
62 72
62 74
62 78
62 82
62 92
63 64
63 66
63 69
63 72
63 74
63 76
63 77
63 78
63 79
63 80
63 83
63 84
63 86
63 88
63 91
63 93
64 65
64 68
64 76
64 77
64 78
64 79
64 84
64 85
64 91
64 94
64 95
64 96
64 97
64 98
65 66
65 67
65 69
65 72
65 73
65 75
65 76
65 78
65 83
65 87
66 67
66 72
66 76
66 77
66 78
66 82
66 84
66 88
66 92
66 96
66 99
67 70
67 72
67 73
67 74
67 77
67 84
67 85
67 86
67 88
67 92
67 93
67 94
67 95
67 98
68 70
68 77
68 78
68 79
68 82
68 83
68 86
68 87
68 93
68 94
68 96
68 97
68 99
69 70
69 73
69 88
69 89
69 90
69 91
69 92
69 93
69 97
69 98
70 71
70 85
70 87
70 93
70 94
71 80
71 85
71 88
71 90
71 91
71 97
71 98
72 76
72 80
72 81
72 83
72 85
72 94
72 96
72 97
72 98
73 76
73 80
73 82
73 84
73 86
73 88
73 91
73 92
73 98
74 78
74 79
74 82
74 87
74 89
74 90
74 93
74 94
74 95
74 96
74 97
74 99
75 82
75 84
75 85
75 88
75 91
75 93
75 95
75 96
75 97
76 77
76 83
76 86
76 87
76 92
76 93
76 97
77 78
77 81
77 87
77 91
77 92
77 96
77 97
77 98
78 80
78 82
78 84
78 85
78 86
78 92
79 81
79 82
79 84
79 85
79 87
79 88
79 89
79 90
79 92
79 93
79 95
80 82
80 87
80 90
80 91
80 95
80 97
80 99
81 84
81 86
81 87
81 88
81 89
81 92
81 93
81 94
81 96
81 97
81 98
81 99
82 92
82 97
82 98
82 99
83 89
83 93
83 97
83 98
84 90
84 96
84 98
84 99
85 86
85 87
85 91
85 96
85 97
85 99
86 88
86 89
86 90
87 88
87 89
87 91
87 95
88 89
88 94
88 96
89 95
89 97
90 92
90 94
90 96
90 99
91 93
91 94
91 98
91 99
92 93
92 96
93 96
93 99
94 96
94 97
94 98
95 96
96 97
97 99
