100 1800 0.36363636363636365 36 36
0 2
0 5
0 6
0 11
0 13
0 16
0 20
0 22
0 27
0 28
0 34
0 36
0 38
0 39
0 42
0 45
0 48
0 50
0 52
0 53
0 59
0 60
0 64
0 68
0 70
0 73
0 78
0 79
0 81
0 82
0 84
0 88
0 89
0 92
0 95
0 98
1 3
1 5
1 6
1 7
1 8
1 9
1 15
1 16
1 19
1 25
1 26
1 28
1 29
1 30
1 40
1 45
1 47
1 50
1 53
1 54
1 55
1 56
1 59
1 65
1 67
1 70
1 73
1 74
1 85
1 88
1 91
1 93
1 94
1 95
1 96
1 99
2 5
2 6
2 7
2 9
2 10
2 11
2 15
2 18
2 25
2 26
2 27
2 35
2 37
2 44
2 52
2 53
2 57
2 60
2 62
2 63
2 64
2 70
2 72
2 73
2 74
2 78
2 80
2 81
2 82
2 84
2 85
2 87
2 92
2 93
2 99
3 4
3 5
3 6
3 7
3 8
3 11
3 16
3 18
3 20
3 21
3 22
3 23
3 31
3 33
3 37
3 39
3 40
3 46
3 51
3 52
3 53
3 56
3 58
3 61
3 62
3 63
3 65
3 68
3 70
3 72
3 76
3 77
3 78
3 82
3 97
4 7
4 8
4 11
4 13
4 29
4 34
4 35
4 38
4 43
4 44
4 45
4 46
4 50
4 52
4 56
4 58
4 59
4 61
4 62
4 63
4 66
4 69
4 70
4 72
4 74
4 75
4 82
4 84
4 85
4 86
4 88
4 89
4 90
4 92
4 95
5 6
5 7
5 13
5 16
5 23
5 25
5 28
5 29
5 32
5 33
5 35
5 36
5 37
5 38
5 41
5 44
5 45
5 53
5 56
5 61
5 62
5 63
5 68
5 69
5 70
5 73
5 76
5 78
5 83
5 86
5 89
5 99
6 7
6 10
6 12
6 14
6 18
6 22
6 26
6 28
6 36
6 41
6 43
6 46
6 47
6 54
6 57
6 58
6 60
6 61
6 62
6 66
6 69
6 71
6 77
6 81
6 83
6 84
6 85
6 87
6 88
6 91
6 94
7 12
7 13
7 14
7 18
7 22
7 24
7 26
7 28
7 35
7 36
7 37
7 38
7 39
7 45
7 48
7 55
7 57
7 59
7 62
7 64
7 67
7 70
7 75
7 76
7 78
7 80
7 81
7 86
7 95
7 97
8 9
8 10
8 11
8 15
8 18
8 19
8 21
8 22
8 23
8 24
8 25
8 26
8 35
8 36
8 38
8 44
8 46
8 48
8 59
8 61
8 63
8 71
8 72
8 77
8 79
8 83
8 86
8 87
8 88
8 89
8 92
8 95
8 96
9 10
9 13
9 18
9 21
9 23
9 24
9 25
9 30
9 31
9 35
9 36
9 41
9 43
9 44
9 50
9 51
9 53
9 55
9 58
9 61
9 62
9 67
9 68
9 74
9 75
9 76
9 84
9 86
9 89
9 93
9 94
9 98
9 99
10 13
10 16
10 17
10 23
10 24
10 30
10 36
10 37
10 40
10 42
10 43
10 44
10 46
10 47
10 50
10 51
10 55
10 58
10 65
10 67
10 68
10 70
10 71
10 77
10 78
10 80
10 87
10 89
10 93
10 94
10 97
10 99
11 12
11 14
11 16
11 17
11 21
11 24
11 29
11 35
11 39
11 45
11 49
11 53
11 54
11 56
11 60
11 61
11 63
11 65
11 66
11 68
11 70
11 72
11 73
11 75
11 78
11 79
11 80
11 83
11 86
11 90
11 93
12 17
12 19
12 23
12 25
12 27
12 28
12 30
12 36
12 37
12 39
12 42
12 44
12 49
12 56
12 57
12 59
12 60
12 62
12 65
12 69
12 73
12 76
12 77
12 81
12 82
12 83
12 84
12 85
12 86
12 90
12 91
12 96
12 97
13 15
13 19
13 20
13 21
13 22
13 27
13 30
13 31
13 41
13 42
13 44
13 46
13 51
13 52
13 53
13 54
13 55
13 56
13 57
13 58
13 61
13 62
13 66
13 77
13 80
13 81
13 85
13 89
13 97
13 99
14 15
14 17
14 18
14 24
14 26
14 28
14 29
14 31
14 33
14 35
14 37
14 40
14 41
14 42
14 45
14 47
14 49
14 50
14 56
14 57
14 59
14 63
14 64
14 71
14 72
14 79
14 80
14 82
14 88
14 90
14 92
14 97
14 99
15 16
15 17
15 27
15 30
15 31
15 36
15 39
15 40
15 41
15 52
15 54
15 56
15 58
15 62
15 63
15 65
15 67
15 68
15 72
15 76
15 79
15 82
15 84
15 85
15 88
15 89
15 91
15 93
15 96
15 97
15 98
16 17
16 20
16 23
16 25
16 28
16 29
16 33
16 34
16 38
16 40
16 42
16 46
16 48
16 49
16 52
16 55
16 60
16 65
16 67
16 73
16 76
16 78
16 80
16 84
16 90
16 91
16 94
16 97
16 98
17 20
17 22
17 23
17 26
17 32
17 34
17 39
17 43
17 49
17 50
17 52
17 53
17 57
17 58
17 64
17 68
17 71
17 74
17 75
17 76
17 79
17 82
17 85
17 86
17 89
17 90
17 93
17 95
17 96
17 98
18 19
18 21
18 22
18 23
18 26
18 30
18 31
18 36
18 37
18 40
18 42
18 50
18 55
18 59
18 68
18 70
18 71
18 73
18 74
18 77
18 78
18 81
18 83
18 84
18 87
18 88
18 89
18 90
18 96
19 20
19 21
19 24
19 25
19 28
19 30
19 32
19 38
19 40
19 41
19 43
19 47
19 49
19 50
19 54
19 55
19 56
19 60
19 64
19 65
19 71
19 72
19 73
19 75
19 77
19 78
19 90
19 91
19 94
19 96
19 98
20 25
20 27
20 33
20 36
20 39
20 42
20 43
20 45
20 47
20 51
20 52
20 53
20 54
20 55
20 57
20 58
20 60
20 68
20 74
20 76
20 79
20 80
20 82
20 86
20 87
20 92
20 94
20 95
20 98
20 99
21 24
21 31
21 34
21 35
21 42
21 43
21 46
21 47
21 49
21 54
21 61
21 63
21 64
21 67
21 69
21 71
21 72
21 75
21 76
21 78
21 79
21 80
21 81
21 82
21 83
21 88
21 89
21 90
21 94
22 23
22 24
22 26
22 28
22 31
22 32
22 36
22 38
22 39
22 41
22 44
22 52
22 53
22 54
22 57
22 63
22 64
22 65
22 67
22 70
22 72
22 75
22 77
22 83
22 88
22 91
22 95
22 96
23 24
23 25
23 26
23 28
23 29
23 31
23 39
23 42
23 44
23 47
23 48
23 49
23 55
23 59
23 66
23 68
23 72
23 73
23 74
23 75
23 76
23 78
23 81
23 90
23 93
23 99
24 25
24 26
24 31
24 32
24 36
24 38
24 44
24 48
24 49
24 50
24 51
24 52
24 54
24 63
24 67
24 70
24 73
24 74
24 83
24 86
24 87
24 90
24 94
24 96
24 97
24 99
25 27
25 29
25 31
25 37
25 47
25 48
25 50
25 51
25 54
25 62
25 68
25 69
25 72
25 73
25 75
25 78
25 80
25 81
25 82
25 85
25 87
25 89
25 92
25 93
25 95
26 28
26 34
26 35
26 36
26 45
26 47
26 49
26 50
26 53
26 55
26 57
26 63
26 66
26 70
26 72
26 74
26 75
26 77
26 78
26 81
26 87
26 89
26 95
26 98
26 99
27 29
27 30
27 31
27 32
27 34
27 36
27 38
27 39
27 41
27 42
27 43
27 45
27 51
27 53
27 55
27 56
27 58
27 61
27 67
27 69
27 71
27 75
27 76
27 78
27 85
27 96
27 97
27 98
27 99
28 34
28 35
28 38
28 39
28 40
28 42
28 46
28 51
28 52
28 54
28 57
28 58
28 59
28 67
28 70
28 74
28 83
28 85
28 86
28 88
28 89
28 91
28 92
28 99
29 30
29 36
29 37
29 40
29 43
29 48
29 50
29 54
29 56
29 57
29 58
29 60
29 61
29 62
29 66
29 67
29 68
29 76
29 78
29 79
29 84
29 86
29 90
29 92
29 95
29 96
29 98
30 34
30 36
30 38
30 39
30 40
30 41
30 51
30 52
30 57
30 58
30 59
30 60
30 61
30 69
30 73
30 75
30 77
30 84
30 89
30 90
30 91
30 93
30 94
30 95
30 97
30 98
31 35
31 37
31 39
31 40
31 41
31 43
31 48
31 51
31 55
31 56
31 62
31 63
31 67
31 75
31 76
31 78
31 83
31 86
31 87
31 88
31 90
31 96
31 98
31 99
32 33
32 34
32 35
32 37
32 38
32 39
32 42
32 44
32 45
32 47
32 50
32 52
32 53
32 54
32 56
32 57
32 63
32 65
32 66
32 68
32 70
32 71
32 73
32 75
32 79
32 81
32 83
32 88
32 90
32 94
33 34
33 37
33 38
33 41
33 42
33 45
33 46
33 48
33 49
33 53
33 57
33 58
33 59
33 60
33 63
33 71
33 73
33 74
33 75
33 76
33 77
33 81
33 82
33 83
33 84
33 85
33 89
33 90
33 98
33 99
34 39
34 45
34 46
34 48
34 51
34 54
34 55
34 60
34 61
34 67
34 68
34 70
34 77
34 78
34 81
34 85
34 86
34 87
34 90
34 91
34 92
34 94
34 96
34 98
34 99
35 41
35 44
35 45
35 46
35 49
35 50
35 51
35 56
35 57
35 63
35 67
35 69
35 72
35 74
35 81
35 83
35 84
35 88
35 90
35 94
35 96
35 98
35 99
36 37
36 43
36 46
36 48
36 49
36 52
36 57
36 58
36 66
36 70
36 75
36 79
36 81
36 83
36 84
36 89
36 92
36 97
36 98
37 38
37 39
37 43
37 45
37 46
37 48
37 50
37 51
37 52
37 55
37 59
37 60
37 64
37 69
37 71
37 73
37 76
37 77
37 80
37 81
37 84
37 98
38 39
38 43
38 45
38 46
38 48
38 51
38 56
38 60
38 64
38 65
38 66
38 67
38 73
38 74
38 78
38 79
38 81
38 87
38 93
38 98
38 99
39 40
39 44
39 47
39 52
39 53
39 56
39 69
39 72
39 76
39 79
39 80
39 82
39 85
39 88
39 89
39 97
39 98
39 99
40 44
40 49
40 51
40 54
40 55
40 57
40 58
40 59
40 61
40 64
40 70
40 71
40 73
40 76
40 84
40 86
40 88
40 89
40 90
40 91
40 92
40 95
40 98
41 44
41 47
41 50
41 58
41 61
41 64
41 66
41 68
41 71
41 73
41 75
41 79
41 80
41 82
41 83
41 84
41 85
41 87
41 88
41 91
41 92
41 93
41 97
42 44
42 47
42 48
42 54
42 59
42 60
42 61
42 64
42 65
42 70
42 72
42 77
42 79
42 82
42 83
42 86
42 87
42 89
42 91
42 92
42 93
42 95
43 48
43 50
43 51
43 52
43 54
43 56
43 58
43 60
43 61
43 63
43 64
43 68
43 72
43 73
43 79
43 80
43 81
43 85
43 86
43 93
43 97
43 99
44 47
44 49
44 52
44 56
44 57
44 66
44 68
44 69
44 72
44 77
44 81
44 82
44 83
44 84
44 85
44 87
44 93
44 96
44 97
45 46
45 48
45 49
45 54
45 55
45 59
45 60
45 62
45 64
45 65
45 66
45 67
45 69
45 75
45 79
45 80
45 88
45 90
45 95
45 97
46 50
46 54
46 57
46 60
46 62
46 63
46 66
46 67
46 69
46 71
46 75
46 79
46 85
46 86
46 87
46 90
46 92
46 96
46 97
46 98
47 49
47 56
47 59
47 60
47 64
47 65
47 67
47 69
47 70
47 74
47 75
47 76
47 79
47 81
47 83
47 87
47 88
47 89
47 90
47 91
47 98
48 53
48 55
48 59
48 61
48 62
48 64
48 69
48 70
48 71
48 73
48 74
48 77
48 78
48 82
48 83
48 87
48 88
48 91
48 96
49 51
49 53
49 54
49 57
49 59
49 61
49 62
49 69
49 71
49 74
49 78
49 79
49 80
49 82
49 83
49 86
49 90
49 93
49 97
50 52
50 54
50 55
50 57
50 59
50 66
50 70
50 77
50 78
50 80
50 81
50 84
50 87
50 88
50 91
50 93
50 99
51 53
51 54
51 57
51 59
51 62
51 63
51 65
51 67
51 70
51 75
51 79
51 83
51 91
51 92
51 93
51 94
51 95
51 97
52 56
52 57
52 58
52 61
52 63
52 65
52 66
52 67
52 70
52 71
52 73
52 80
52 92
52 93
52 96
52 97
53 59
53 63
53 69
53 72
53 73
53 78
53 81
53 83
53 84
53 85
53 86
53 87
53 88
53 90
53 92
53 93
53 96
54 55
54 57
54 67
54 76
54 77
54 78
54 80
54 85
54 87
54 88
54 93
54 97
54 99
55 57
55 58
55 60
55 61
55 62
55 63
55 64
55 65
55 68
55 70
55 80
55 87
55 91
55 92
55 95
55 96
56 65
56 66
56 67
56 71
56 73
56 74
56 75
56 76
56 78
56 82
56 84
56 85
56 87
56 91
56 93
57 66
57 67
57 71
57 73
57 76
57 84
57 92
57 95
57 96
57 98
58 59
58 61
58 62
58 64
58 67
58 68
58 70
58 71
58 73
58 80
58 82
58 86
58 88
58 90
58 94
58 98
59 63
59 65
59 66
59 70
59 72
59 73
59 74
59 82
59 85
59 86
59 90
59 93
59 96
60 61
60 63
60 66
60 69
60 71
60 72
60 74
60 75
60 76
60 78
60 83
60 85
60 90
60 91
60 94
60 99
61 64
61 65
61 69
61 71
61 73
61 75
61 80
61 81
61 82
61 85
61 86
61 91
61 94
62 64
62 65
62 68
62 69
62 71
62 72
62 73
62 74
62 76
62 77
62 79
62 83
62 91
62 94
62 95
62 96
63 64
63 69
63 72
63 74
63 76
63 79
63 81
63 84
63 87
63 92
63 95
63 96
64 66
64 67
64 69
64 71
64 74
64 77
64 82
64 85
64 86
64 93
64 94
64 96
64 97
64 98
65 66
65 70
65 71
65 73
65 74
65 76
65 78
65 79
65 80
65 81
65 83
65 84
65 88
65 90
65 94
66 69
66 72
66 74
66 82
66 83
66 84
66 86
66 87
66 91
66 93
66 94
66 95
66 97
66 98
67 70
67 79
67 80
67 82
67 86
67 88
67 89
67 90
67 92
67 97
68 69
68 71
68 72
68 75
68 77
68 81
68 82
68 83
68 86
68 87
68 89
68 90
68 92
68 94
68 99
69 70
69 71
69 72
69 74
69 76
69 77
69 85
69 87
69 88
69 89
69 91
70 75
70 77
70 79
70 85
70 87
70 91
71 77
71 79
71 82
71 84
71 85
71 92
71 93
71 98
72 73
72 74
72 75
72 78
72 79
72 86
72 88
72 91
72 93
72 98
73 74
73 78
73 83
73 97
73 99
74 76
74 77
74 78
74 81
74 92
74 95
74 96
74 98
75 77
75 78
75 80
75 82
75 84
75 91
75 94
75 97
76 77
76 78
76 84
76 90
76 91
76 93
76 95
76 99
77 81
77 82
77 87
77 89
77 93
77 94
77 95
77 96
78 80
78 89
78 92
78 96
79 81
79 82
79 89
79 90
79 92
79 94
79 97
79 99
80 83
80 84
80 85
80 88
80 90
80 92
80 93
80 95
80 96
80 99
81 85
81 89
81 93
81 94
81 97
81 99
82 83
82 84
82 86
82 87
82 92
82 99
83 84
83 91
83 92
83 96
83 97
84 85
84 86
84 92
84 93
84 94
85 86
85 87
85 88
85 90
85 91
86 89
86 94
86 95
86 98
86 99
87 92
87 93
87 94
87 95
87 98
88 91
88 92
88 94
88 96
88 97
88 98
89 90
89 91
89 92
89 95
89 96
89 97
89 98
90 96
91 95
91 96
91 97
91 99
92 95
92 97
93 94
93 95
93 99
94 95
94 96
94 97
94 98
94 99
95 96
95 97
95 98
95 99
98 99
