100 1850 0.37373737373737376 37 37
0 7
0 10
0 11
0 13
0 16
0 19
0 28
0 31
0 33
0 34
0 36
0 39
0 41
0 42
0 44
0 48
0 49
0 50
0 54
0 56
0 61
0 63
0 66
0 70
0 71
0 73
0 75
0 77
0 79
0 80
0 81
0 84
0 86
0 87
0 92
0 96
0 97
1 4
1 5
1 6
1 12
1 13
1 14
1 17
1 18
1 22
1 23
1 29
1 32
1 37
1 38
1 40
1 41
1 42
1 44
1 48
1 51
1 55
1 57
1 58
1 59
1 61
1 64
1 67
1 68
1 72
1 78
1 79
1 80
1 81
1 85
1 95
1 98
1 99
2 7
2 10
2 11
2 12
2 14
2 16
2 17
2 19
2 20
2 27
2 32
2 34
2 35
2 36
2 37
2 41
2 42
2 43
2 44
2 49
2 50
2 51
2 55
2 57
2 58
2 60
2 64
2 66
2 69
2 71
2 74
2 75
2 82
2 89
2 91
2 92
2 99
3 5
3 7
3 8
3 13
3 14
3 16
3 20
3 21
3 22
3 24
3 27
3 35
3 36
3 38
3 40
3 42
3 46
3 47
3 50
3 52
3 53
3 55
3 59
3 64
3 68
3 72
3 78
3 80
3 81
3 82
3 84
3 88
3 94
3 95
3 96
3 97
3 98
4 7
4 11
4 12
4 13
4 14
4 16
4 19
4 21
4 22
4 23
4 24
4 26
4 28
4 29
4 34
4 35
4 39
4 46
4 47
4 48
4 59
4 61
4 66
4 67
4 71
4 73
4 74
4 77
4 80
4 81
4 85
4 86
4 88
4 90
4 96
4 97
5 7
5 9
5 10
5 18
5 19
5 24
5 28
5 29
5 30
5 32
5 34
5 35
5 36
5 37
5 39
5 40
5 45
5 49
5 51
5 54
5 56
5 61
5 63
5 68
5 69
5 70
5 73
5 74
5 78
5 84
5 85
5 88
5 94
5 95
5 98
6 8
6 9
6 12
6 14
6 16
6 20
6 24
6 26
6 27
6 31
6 38
6 43
6 45
6 46
6 47
6 48
6 53
6 56
6 62
6 65
6 68
6 69
6 70
6 73
6 74
6 76
6 77
6 78
6 80
6 83
6 85
6 87
6 89
6 93
6 98
6 99
7 10
7 11
7 13
7 15
7 16
7 24
7 25
7 27
7 31
7 35
7 44
7 45
7 46
7 49
7 57
7 59
7 60
7 62
7 63
7 64
7 67
7 72
7 75
7 77
7 79
7 80
7 81
7 82
7 86
7 92
7 93
7 97
8 11
8 14
8 15
8 18
8 23
8 25
8 27
8 29
8 31
8 32
8 36
8 37
8 38
8 40
8 45
8 51
8 52
8 53
8 60
8 61
8 63
8 65
8 66
8 67
8 69
8 72
8 73
8 79
8 80
8 84
8 88
8 89
8 91
8 96
8 99
9 11
9 12
9 13
9 14
9 16
9 17
9 18
9 23
9 26
9 28
9 32
9 36
9 38
9 43
9 46
9 47
9 48
9 49
9 50
9 54
9 56
9 58
9 62
9 70
9 72
9 73
9 76
9 85
9 86
9 87
9 88
9 90
9 91
9 92
9 97
10 12
10 14
10 16
10 18
10 21
10 23
10 26
10 29
10 33
10 36
10 37
10 43
10 45
10 53
10 54
10 58
10 63
10 64
10 66
10 69
10 71
10 75
10 76
10 77
10 78
10 80
10 81
10 82
10 83
10 87
10 93
10 94
10 96
11 13
11 16
11 17
11 18
11 21
11 22
11 24
11 25
11 26
11 27
11 28
11 33
11 39
11 42
11 44
11 49
11 50
11 53
11 54
11 56
11 58
11 70
11 74
11 77
11 80
11 81
11 82
11 85
11 89
11 90
11 91
12 13
12 15
12 18
12 19
12 21
12 24
12 25
12 26
12 28
12 32
12 33
12 35
12 36
12 38
12 43
12 45
12 47
12 50
12 55
12 57
12 64
12 66
12 67
12 70
12 75
12 79
12 83
12 89
12 92
12 93
12 97
13 14
13 15
13 18
13 19
13 20
13 23
13 27
13 28
13 33
13 41
13 44
13 45
13 46
13 50
13 52
13 56
13 61
13 62
13 64
13 65
13 68
13 74
13 75
13 76
13 80
13 81
13 87
13 90
13 97
14 15
14 17
14 20
14 28
14 32
14 37
14 40
14 41
14 42
14 43
14 49
14 51
14 52
14 58
14 60
14 61
14 68
14 70
14 74
14 75
14 82
14 84
14 86
14 87
14 91
14 94
14 95
14 96
15 18
15 20
15 27
15 29
15 33
15 36
15 37
15 38
15 40
15 44
15 53
15 55
15 58
15 59
15 65
15 66
15 67
15 69
15 71
15 72
15 77
15 78
15 79
15 81
15 88
15 89
15 90
15 91
15 92
15 93
15 94
15 96
16 20
16 33
16 37
16 38
16 39
16 40
16 41
16 42
16 43
16 50
16 53
16 55
16 56
16 64
16 65
16 66
16 68
16 72
16 73
16 74
16 75
16 80
16 87
16 91
16 93
16 94
16 95
16 96
17 20
17 25
17 27
17 29
17 31
17 32
17 34
17 35
17 36
17 40
17 41
17 44
17 46
17 47
17 50
17 52
17 54
17 55
17 62
17 66
17 70
17 72
17 73
17 76
17 78
17 81
17 82
17 88
17 92
17 93
17 94
17 96
18 21
18 22
18 25
18 36
18 37
18 38
18 43
18 48
18 49
18 50
18 52
18 57
18 63
18 66
18 71
18 77
18 79
18 80
18 82
18 86
18 89
18 90
18 92
18 94
18 95
18 96
18 97
18 98
19 21
19 26
19 28
19 29
19 30
19 31
19 34
19 36
19 41
19 44
19 46
19 47
19 48
19 49
19 51
19 52
19 60
19 61
19 63
19 65
19 66
19 69
19 72
19 73
19 78
19 80
19 89
19 90
19 94
19 98
19 99
20 21
20 22
20 23
20 24
20 26
20 28
20 30
20 34
20 38
20 41
20 45
20 48
20 50
20 54
20 57
20 58
20 60
20 61
20 68
20 70
20 74
20 75
20 78
20 82
20 83
20 91
20 92
20 95
20 98
21 27
21 28
21 31
21 33
21 34
21 38
21 39
21 41
21 46
21 47
21 51
21 56
21 63
21 65
21 67
21 68
21 69
21 71
21 76
21 79
21 85
21 86
21 88
21 91
21 92
21 94
21 95
21 97
21 98
22 25
22 27
22 28
22 29
22 30
22 32
22 33
22 38
22 40
22 41
22 47
22 51
22 53
22 56
22 58
22 60
22 63
22 65
22 68
22 70
22 72
22 73
22 76
22 77
22 78
22 80
22 83
22 86
22 87
22 88
22 96
23 24
23 25
23 26
23 28
23 38
23 40
23 41
23 43
23 47
23 51
23 52
23 56
23 61
23 62
23 64
23 66
23 71
23 72
23 80
23 81
23 82
23 85
23 86
23 87
23 88
23 89
23 90
23 94
23 95
23 99
24 26
24 27
24 29
24 34
24 35
24 37
24 38
24 39
24 40
24 41
24 43
24 50
24 51
24 52
24 60
24 61
24 63
24 69
24 72
24 74
24 75
24 76
24 83
24 84
24 85
24 89
24 90
24 98
25 27
25 28
25 31
25 35
25 37
25 39
25 42
25 43
25 44
25 48
25 49
25 50
25 55
25 56
25 59
25 60
25 63
25 67
25 68
25 74
25 75
25 76
25 83
25 85
25 87
25 88
25 91
25 93
25 97
26 29
26 31
26 32
26 33
26 36
26 37
26 38
26 45
26 46
26 52
26 60
26 62
26 63
26 64
26 72
26 74
26 75
26 82
26 84
26 86
26 87
26 88
26 90
26 91
26 94
26 95
26 98
27 29
27 30
27 32
27 34
27 35
27 39
27 42
27 46
27 47
27 49
27 55
27 57
27 63
27 65
27 71
27 74
27 77
27 80
27 84
27 87
27 88
27 89
27 96
27 98
28 30
28 32
28 36
28 37
28 42
28 44
28 48
28 51
28 57
28 58
28 62
28 63
28 65
28 66
28 67
28 71
28 73
28 78
28 83
28 87
28 90
28 95
28 99
29 33
29 36
29 40
29 41
29 44
29 45
29 46
29 51
29 56
29 58
29 59
29 62
29 65
29 75
29 76
29 78
29 81
29 82
29 84
29 85
29 89
29 93
29 96
29 97
29 99
30 31
30 37
30 38
30 39
30 40
30 43
30 47
30 48
30 50
30 51
30 53
30 54
30 56
30 58
30 59
30 60
30 61
30 64
30 65
30 67
30 69
30 70
30 71
30 72
30 74
30 77
30 80
30 84
30 87
30 89
30 98
31 32
31 33
31 34
31 38
31 39
31 41
31 44
31 47
31 49
31 51
31 52
31 55
31 58
31 60
31 62
31 68
31 71
31 72
31 73
31 78
31 80
31 82
31 84
31 89
31 90
31 96
31 97
32 34
32 36
32 39
32 40
32 42
32 55
32 56
32 59
32 60
32 61
32 65
32 67
32 72
32 75
32 77
32 79
32 81
32 83
32 85
32 89
32 93
32 94
32 96
32 99
33 34
33 36
33 41
33 42
33 44
33 47
33 49
33 50
33 56
33 57
33 58
33 59
33 60
33 62
33 63
33 64
33 68
33 72
33 77
33 80
33 82
33 85
33 90
33 92
33 95
34 35
34 44
34 45
34 46
34 47
34 48
34 49
34 52
34 57
34 59
34 66
34 67
34 68
34 71
34 73
34 76
34 78
34 84
34 89
34 91
34 92
34 94
34 98
34 99
35 42
35 45
35 48
35 50
35 51
35 52
35 54
35 55
35 60
35 62
35 64
35 65
35 68
35 70
35 71
35 74
35 75
35 78
35 81
35 82
35 83
35 85
35 88
35 96
35 97
35 99
36 45
36 48
36 53
36 54
36 55
36 57
36 61
36 63
36 64
36 69
36 70
36 72
36 73
36 75
36 76
36 78
36 79
36 87
36 90
36 93
37 41
37 42
37 45
37 50
37 51
37 53
37 54
37 60
37 61
37 64
37 66
37 67
37 68
37 69
37 77
37 78
37 79
37 81
37 83
37 89
37 97
37 98
37 99
38 49
38 53
38 54
38 57
38 59
38 67
38 69
38 70
38 72
38 74
38 75
38 78
38 83
38 85
38 86
38 88
38 89
38 90
38 97
38 98
39 43
39 44
39 45
39 47
39 52
39 54
39 55
39 57
39 61
39 62
39 64
39 66
39 67
39 69
39 77
39 79
39 83
39 84
39 85
39 87
39 89
39 90
39 93
39 95
39 99
40 42
40 44
40 45
40 49
40 50
40 54
40 55
40 60
40 62
40 64
40 65
40 69
40 73
40 75
40 77
40 78
40 79
40 81
40 86
40 87
40 89
40 97
40 99
41 43
41 44
41 45
41 47
41 53
41 58
41 59
41 61
41 62
41 63
41 64
41 70
41 73
41 75
41 76
41 77
41 80
41 83
41 84
41 96
42 48
42 51
42 52
42 53
42 54
42 55
42 56
42 57
42 58
42 62
42 65
42 67
42 68
42 73
42 74
42 76
42 81
42 82
42 83
42 84
42 86
42 94
43 48
43 49
43 51
43 58
43 60
43 62
43 64
43 65
43 66
43 69
43 71
43 72
43 74
43 76
43 82
43 83
43 86
43 87
43 91
43 92
43 94
43 96
43 97
44 53
44 61
44 65
44 66
44 67
44 70
44 73
44 75
44 78
44 79
44 82
44 84
44 85
44 88
44 90
44 93
44 95
44 97
44 99
45 48
45 49
45 55
45 56
45 59
45 60
45 61
45 64
45 67
45 74
45 79
45 82
45 85
45 87
45 91
45 94
45 95
45 96
45 97
45 99
46 48
46 50
46 51
46 52
46 54
46 58
46 63
46 65
46 67
46 70
46 72
46 73
46 77
46 79
46 80
46 81
46 82
46 85
46 86
46 92
46 94
46 95
46 97
46 98
47 48
47 53
47 55
47 58
47 60
47 61
47 62
47 65
47 68
47 70
47 75
47 82
47 84
47 86
47 89
47 90
47 91
47 92
47 93
47 94
48 50
48 56
48 57
48 63
48 73
48 74
48 77
48 80
48 81
48 84
48 85
48 88
48 90
48 91
48 92
48 94
48 95
48 99
49 50
49 52
49 54
49 56
49 57
49 58
49 60
49 61
49 62
49 66
49 68
49 69
49 73
49 74
49 83
49 84
49 89
49 93
49 94
50 51
50 56
50 58
50 59
50 61
50 71
50 76
50 83
50 87
50 90
50 91
50 92
50 93
50 95
50 97
50 99
51 56
51 59
51 62
51 63
51 66
51 72
51 73
51 74
51 75
51 78
51 87
51 94
51 95
51 96
51 97
51 98
51 99
52 53
52 55
52 57
52 59
52 60
52 61
52 62
52 64
52 70
52 72
52 76
52 80
52 86
52 90
52 91
52 92
52 93
52 95
52 96
52 98
53 55
53 56
53 57
53 63
53 64
53 66
53 68
53 70
53 71
53 72
53 75
53 76
53 77
53 79
53 81
53 83
53 86
53 92
53 93
53 96
54 58
54 59
54 61
54 65
54 67
54 68
54 69
54 70
54 71
54 74
54 75
54 81
54 83
54 84
54 86
54 87
54 88
54 89
54 97
54 99
55 57
55 62
55 64
55 65
55 69
55 71
55 79
55 80
55 81
55 83
55 86
55 87
55 91
55 92
55 94
55 95
55 96
56 57
56 58
56 62
56 66
56 71
56 73
56 75
56 77
56 79
56 82
56 83
56 84
56 94
56 98
56 99
57 63
57 65
57 68
57 71
57 72
57 76
57 77
57 80
57 81
57 84
57 88
57 90
57 93
57 94
57 97
57 98
57 99
58 59
58 62
58 67
58 70
58 71
58 73
58 75
58 80
58 81
58 83
58 84
58 86
58 96
58 97
59 61
59 63
59 66
59 67
59 71
59 72
59 81
59 82
59 83
59 85
59 86
59 89
59 90
59 91
59 92
59 94
59 98
59 99
60 62
60 64
60 67
60 69
60 75
60 78
60 79
60 80
60 82
60 87
60 88
60 90
60 91
60 93
60 98
61 62
61 65
61 67
61 69
61 71
61 73
61 81
61 85
61 86
61 88
61 91
61 93
62 64
62 66
62 69
62 70
62 76
62 81
62 89
62 93
62 95
62 97
62 99
63 67
63 68
63 69
63 70
63 72
63 73
63 76
63 78
63 82
63 83
63 85
63 91
63 95
63 98
64 65
64 68
64 74
64 75
64 79
64 83
64 84
64 85
64 88
64 91
64 96
64 97
65 68
65 71
65 79
65 87
65 91
65 92
65 93
65 95
65 96
65 97
65 98
65 99
66 67
66 71
66 76
66 80
66 82
66 87
66 88
66 90
66 92
66 93
66 94
66 96
66 99
67 73
67 74
67 76
67 77
67 79
67 80
67 83
67 86
67 89
67 96
67 99
68 70
68 71
68 72
68 75
68 77
68 78
68 90
68 91
68 93
68 94
68 98
68 99
69 72
69 73
69 75
69 76
69 77
69 78
69 82
69 87
69 89
69 93
69 94
69 95
69 96
69 97
70 72
70 73
70 74
70 78
70 81
70 82
70 83
70 85
70 86
70 89
70 92
70 94
71 74
71 75
71 77
71 79
71 84
71 88
71 91
71 93
71 97
71 98
72 74
72 76
72 79
72 81
72 85
72 90
72 99
73 74
73 84
73 85
73 86
73 89
73 94
73 96
73 98
74 75
74 78
74 82
74 86
74 87
74 88
74 91
74 97
75 79
75 84
75 90
75 95
75 99
76 77
76 82
76 83
76 85
76 86
76 88
76 91
76 95
76 96
76 97
76 98
76 99
77 78
77 79
77 85
77 86
77 87
77 88
77 89
77 92
77 95
77 98
78 82
78 83
78 84
78 85
78 88
78 91
78 94
78 95
78 98
79 81
79 83
79 85
79 87
79 90
79 92
79 93
79 95
79 98
79 99
80 81
80 82
80 83
80 87
80 88
80 89
80 95
80 98
81 84
81 87
81 92
81 93
81 94
81 97
82 83
82 84
82 92
82 93
82 97
83 84
83 88
83 92
83 95
84 86
84 90
84 91
84 92
84 93
84 95
85 88
85 89
85 90
85 93
85 95
85 96
86 89
86 90
86 92
86 95
86 96
86 97
86 98
87 89
87 91
87 92
87 96
87 99
88 89
88 90
88 93
88 94
88 97
88 99
89 93
89 94
90 92
90 95
90 96
90 98
91 92
91 93
91 96
91 98
91 99
92 93
92 94
92 99
93 98
94 97
95 99
96 98
