100 1900 0.3838383838383838 38 38
0 4
0 5
0 6
0 10
0 12
0 14
0 16
0 17
0 19
0 21
0 22
0 26
0 31
0 35
0 36
0 37
0 40
0 43
0 45
0 46
0 49
0 57
0 58
0 60
0 65
0 66
0 67
0 72
0 74
0 75
0 79
0 81
0 83
0 84
0 86
0 90
0 91
0 99
1 2
1 3
1 4
1 5
1 8
1 9
1 13
1 17
1 19
1 21
1 24
1 26
1 27
1 31
1 38
1 40
1 42
1 50
1 51
1 52
1 54
1 57
1 62
1 66
1 68
1 69
1 70
1 72
1 74
1 75
1 76
1 77
1 81
1 83
1 86
1 93
1 94
1 96
2 4
2 9
2 14
2 15
2 17
2 18
2 21
2 24
2 25
2 31
2 37
2 40
2 43
2 44
2 46
2 51
2 52
2 53
2 54
2 55
2 56
2 61
2 70
2 72
2 74
2 76
2 77
2 79
2 80
2 83
2 87
2 89
2 93
2 94
2 95
2 96
2 97
3 4
3 5
3 6
3 7
3 9
3 10
3 14
3 17
3 19
3 21
3 22
3 24
3 26
3 27
3 31
3 32
3 33
3 40
3 47
3 48
3 52
3 55
3 57
3 59
3 61
3 65
3 73
3 74
3 76
3 79
3 87
3 90
3 91
3 92
3 93
3 97
3 98
4 7
4 10
4 12
4 14
4 17
4 18
4 19
4 21
4 22
4 25
4 27
4 28
4 32
4 33
4 45
4 46
4 47
4 48
4 54
4 58
4 59
4 60
4 63
4 65
4 67
4 72
4 73
4 74
4 79
4 80
4 82
4 90
4 92
4 95
5 7
5 11
5 12
5 15
5 17
5 19
5 21
5 22
5 26
5 27
5 31
5 32
5 34
5 38
5 40
5 44
5 46
5 48
5 51
5 55
5 56
5 64
5 65
5 73
5 80
5 81
5 82
5 83
5 88
5 89
5 90
5 91
5 92
5 93
5 95
6 7
6 10
6 11
6 13
6 20
6 21
6 24
6 25
6 26
6 27
6 29
6 34
6 35
6 40
6 41
6 43
6 45
6 51
6 52
6 53
6 57
6 58
6 59
6 60
6 66
6 67
6 73
6 74
6 83
6 85
6 87
6 89
6 90
6 91
6 92
6 99
7 9
7 14
7 23
7 24
7 32
7 34
7 35
7 37
7 38
7 39
7 40
7 43
7 44
7 48
7 49
7 51
7 52
7 53
7 56
7 58
7 60
7 61
7 63
7 65
7 68
7 78
7 79
7 82
7 83
7 86
7 88
7 89
7 98
7 99
8 13
8 16
8 19
8 20
8 23
8 24
8 25
8 27
8 32
8 33
8 37
8 38
8 41
8 42
8 46
8 48
8 53
8 57
8 59
8 60
8 61
8 62
8 65
8 67
8 68
8 70
8 71
8 74
8 75
8 78
8 79
8 80
8 88
8 89
8 93
8 98
8 99
9 10
9 13
9 15
9 18
9 19
9 20
9 24
9 25
9 29
9 30
9 40
9 41
9 43
9 46
9 49
9 50
9 52
9 56
9 57
9 59
9 66
9 68
9 71
9 76
9 77
9 78
9 83
9 84
9 86
9 88
9 90
9 92
9 94
9 96
10 12
10 15
10 16
10 17
10 21
10 28
10 32
10 35
10 39
10 45
10 48
10 49
10 50
10 55
10 57
10 58
10 59
10 64
10 65
10 70
10 71
10 72
10 75
10 77
10 80
10 82
10 83
10 85
10 86
10 88
10 89
10 90
10 98
11 14
11 16
11 17
11 18
11 19
11 21
11 25
11 28
11 34
11 35
11 37
11 38
11 42
11 46
11 47
11 48
11 54
11 55
11 57
11 58
11 59
11 60
11 63
11 64
11 68
11 69
11 75
11 80
11 81
11 82
11 84
11 86
11 88
11 90
11 96
11 99
12 13
12 14
12 16
12 17
12 23
12 24
12 25
12 27
12 31
12 32
12 34
12 39
12 40
12 42
12 44
12 46
12 48
12 49
12 54
12 58
12 60
12 61
12 63
12 68
12 73
12 74
12 83
12 84
12 88
12 90
12 91
12 95
12 97
12 98
13 14
13 15
13 17
13 18
13 20
13 22
13 26
13 31
13 32
13 33
13 35
13 37
13 38
13 41
13 43
13 46
13 47
13 48
13 52
13 55
13 56
13 64
13 65
13 68
13 69
13 70
13 71
13 74
13 76
13 86
13 87
13 88
13 94
14 18
14 20
14 21
14 22
14 23
14 24
14 29
14 31
14 32
14 35
14 36
14 40
14 42
14 45
14 47
14 48
14 49
14 51
14 53
14 57
14 71
14 75
14 76
14 81
14 82
14 86
14 88
14 91
14 92
14 97
15 18
15 24
15 26
15 27
15 29
15 34
15 39
15 41
15 42
15 44
15 47
15 49
15 58
15 59
15 60
15 61
15 62
15 63
15 66
15 67
15 68
15 70
15 71
15 73
15 74
15 75
15 81
15 84
15 85
15 87
15 88
15 92
15 94
16 17
16 19
16 20
16 23
16 24
16 26
16 27
16 33
16 34
16 35
16 41
16 44
16 45
16 52
16 54
16 55
16 56
16 58
16 59
16 61
16 71
16 72
16 73
16 75
16 80
16 81
16 85
16 90
16 91
16 95
16 97
16 98
16 99
17 22
17 28
17 34
17 36
17 40
17 42
17 43
17 45
17 47
17 50
17 56
17 58
17 61
17 63
17 64
17 65
17 67
17 69
17 70
17 75
17 76
17 79
17 82
17 89
17 93
17 94
17 97
18 20
18 24
18 25
18 30
18 35
18 36
18 40
18 43
18 44
18 49
18 52
18 53
18 55
18 56
18 58
18 60
18 61
18 66
18 67
18 68
18 71
18 75
18 79
18 80
18 83
18 84
18 92
18 93
18 95
18 98
18 99
19 22
19 27
19 33
19 35
19 36
19 38
19 45
19 46
19 48
19 49
19 54
19 55
19 61
19 62
19 65
19 66
19 68
19 71
19 73
19 76
19 78
19 79
19 80
19 89
19 90
19 91
19 94
19 95
19 98
20 24
20 27
20 28
20 29
20 30
20 32
20 33
20 34
20 35
20 42
20 44
20 46
20 48
20 51
20 52
20 55
20 56
20 60
20 65
20 67
20 69
20 70
20 72
20 85
20 87
20 89
20 91
20 92
20 93
20 95
20 96
21 27
21 28
21 34
21 36
21 37
21 49
21 53
21 54
21 58
21 60
21 61
21 62
21 63
21 64
21 70
21 73
21 74
21 78
21 79
21 83
21 84
21 85
21 87
21 89
21 90
21 94
21 96
21 99
22 24
22 29
22 31
22 32
22 33
22 39
22 44
22 46
22 49
22 50
22 51
22 53
22 56
22 58
22 64
22 67
22 69
22 70
22 72
22 73
22 76
22 77
22 78
22 82
22 88
22 91
22 92
22 93
22 97
22 99
23 25
23 27
23 29
23 39
23 40
23 42
23 44
23 48
23 51
23 52
23 53
23 57
23 62
23 64
23 65
23 66
23 67
23 68
23 70
23 72
23 75
23 80
23 85
23 86
23 87
23 89
23 90
23 91
23 93
23 94
23 97
23 98
23 99
24 27
24 30
24 33
24 34
24 38
24 39
24 42
24 43
24 47
24 48
24 49
24 51
24 57
24 58
24 64
24 75
24 82
24 85
24 88
24 93
24 94
24 97
24 98
24 99
25 28
25 29
25 30
25 34
25 35
25 36
25 38
25 39
25 42
25 43
25 45
25 46
25 49
25 50
25 53
25 54
25 61
25 63
25 65
25 66
25 70
25 76
25 79
25 81
25 82
25 91
25 92
25 94
25 99
26 28
26 29
26 30
26 31
26 32
26 35
26 36
26 37
26 38
26 41
26 43
26 45
26 49
26 52
26 53
26 57
26 65
26 66
26 69
26 70
26 71
26 73
26 79
26 82
26 83
26 87
26 92
26 93
26 97
26 98
27 30
27 31
27 35
27 38
27 39
27 42
27 47
27 48
27 51
27 56
27 58
27 59
27 61
27 63
27 66
27 69
27 70
27 74
27 76
27 79
27 81
27 90
27 93
27 95
28 30
28 32
28 35
28 36
28 38
28 39
28 41
28 42
28 43
28 44
28 45
28 48
28 50
28 53
28 54
28 55
28 58
28 66
28 67
28 69
28 70
28 71
28 77
28 78
28 80
28 85
28 93
28 94
28 95
28 97
29 30
29 32
29 33
29 34
29 38
29 41
29 42
29 44
29 48
29 52
29 54
29 57
29 60
29 61
29 63
29 66
29 68
29 74
29 77
29 78
29 79
29 80
29 82
29 86
29 87
29 88
29 94
29 97
29 99
30 32
30 33
30 35
30 36
30 37
30 41
30 43
30 49
30 52
30 57
30 61
30 63
30 64
30 65
30 66
30 72
30 73
30 77
30 80
30 82
30 83
30 84
30 85
30 87
30 88
30 92
30 93
30 95
30 99
31 35
31 37
31 38
31 43
31 44
31 45
31 46
31 49
31 51
31 53
31 57
31 58
31 60
31 62
31 67
31 70
31 72
31 73
31 75
31 76
31 79
31 81
31 82
31 84
31 85
31 88
31 98
32 35
32 41
32 42
32 46
32 48
32 51
32 55
32 56
32 62
32 63
32 64
32 68
32 69
32 72
32 74
32 77
32 81
32 83
32 84
32 85
32 87
32 88
32 97
33 34
33 35
33 36
33 37
33 38
33 40
33 42
33 45
33 47
33 51
33 54
33 55
33 64
33 66
33 67
33 71
33 73
33 75
33 77
33 78
33 81
33 82
33 85
33 88
33 90
33 92
33 95
34 37
34 38
34 39
34 41
34 49
34 50
34 51
34 52
34 53
34 54
34 59
34 61
34 63
34 68
34 69
34 74
34 76
34 77
34 78
34 85
34 88
34 91
34 92
34 97
35 41
35 45
35 50
35 55
35 57
35 62
35 71
35 76
35 78
35 79
35 80
35 84
35 90
35 91
35 92
35 93
35 94
35 95
35 98
36 40
36 41
36 43
36 44
36 45
36 46
36 47
36 48
36 51
36 53
36 54
36 57
36 58
36 61
36 64
36 66
36 67
36 71
36 72
36 75
36 77
36 80
36 84
36 86
36 87
36 91
36 98
37 39
37 41
37 42
37 44
37 49
37 51
37 55
37 59
37 60
37 62
37 63
37 68
37 70
37 72
37 74
37 77
37 78
37 81
37 84
37 85
37 88
37 89
37 94
37 96
37 98
37 99
38 40
38 43
38 44
38 45
38 47
38 49
38 51
38 53
38 59
38 60
38 64
38 68
38 70
38 72
38 73
38 77
38 81
38 83
38 85
38 91
38 93
38 95
39 44
39 48
39 49
39 55
39 60
39 64
39 65
39 66
39 67
39 69
39 71
39 72
39 73
39 74
39 76
39 81
39 82
39 83
39 85
39 87
39 90
39 94
39 95
39 96
39 97
39 98
40 43
40 46
40 47
40 48
40 50
40 57
40 58
40 60
40 68
40 70
40 72
40 77
40 78
40 79
40 83
40 86
40 88
40 89
40 93
40 97
40 98
40 99
41 43
41 47
41 48
41 49
41 50
41 52
41 55
41 56
41 58
41 66
41 72
41 74
41 77
41 78
41 82
41 83
41 86
41 87
41 92
41 95
41 96
41 97
41 99
42 43
42 45
42 54
42 55
42 57
42 58
42 59
42 60
42 61
42 63
42 65
42 69
42 73
42 79
42 81
42 84
42 86
42 88
42 95
42 96
42 97
43 47
43 52
43 54
43 56
43 60
43 62
43 63
43 64
43 67
43 69
43 71
43 75
43 76
43 78
43 80
43 85
43 86
43 89
43 96
44 45
44 46
44 47
44 48
44 53
44 56
44 58
44 61
44 62
44 64
44 68
44 79
44 82
44 84
44 85
44 87
44 89
44 91
44 96
44 97
44 99
45 46
45 48
45 50
45 51
45 52
45 54
45 59
45 65
45 68
45 71
45 73
45 76
45 78
45 79
45 80
45 83
45 91
45 95
45 96
45 98
46 54
46 57
46 58
46 68
46 70
46 71
46 72
46 73
46 75
46 78
46 79
46 80
46 81
46 84
46 86
46 92
46 96
46 97
46 99
47 49
47 54
47 55
47 58
47 60
47 64
47 65
47 66
47 67
47 69
47 72
47 75
47 78
47 81
47 84
47 85
47 86
47 87
47 89
47 92
47 93
47 98
48 51
48 52
48 57
48 60
48 61
48 62
48 71
48 75
48 77
48 79
48 86
48 89
48 95
48 99
49 51
49 54
49 56
49 58
49 59
49 62
49 63
49 74
49 76
49 80
49 83
49 84
49 89
49 90
49 95
49 96
50 53
50 56
50 57
50 59
50 61
50 62
50 64
50 66
50 67
50 68
50 69
50 73
50 76
50 77
50 81
50 84
50 86
50 87
50 90
50 91
50 93
50 94
50 95
50 96
50 97
50 98
51 52
51 56
51 58
51 59
51 62
51 63
51 64
51 66
51 69
51 70
51 73
51 74
51 80
51 82
51 86
51 89
51 98
52 55
52 62
52 64
52 65
52 69
52 75
52 76
52 78
52 79
52 81
52 82
52 84
52 89
52 90
52 93
52 94
52 96
52 99
53 54
53 55
53 56
53 57
53 58
53 60
53 61
53 66
53 67
53 68
53 69
53 71
53 72
53 76
53 78
53 81
53 83
53 84
53 87
53 89
54 59
54 60
54 61
54 63
54 64
54 67
54 70
54 71
54 72
54 73
54 74
54 79
54 82
54 83
54 88
54 94
54 95
55 57
55 62
55 65
55 66
55 69
55 70
55 75
55 78
55 83
55 85
55 87
55 88
55 93
55 95
55 96
55 98
55 99
56 59
56 62
56 64
56 69
56 70
56 73
56 76
56 77
56 80
56 86
56 89
56 90
56 91
56 92
56 93
56 94
56 96
56 97
56 99
57 62
57 63
57 65
57 66
57 68
57 75
57 80
57 83
57 85
57 87
57 91
57 96
57 98
57 99
58 64
58 71
58 72
58 74
58 76
58 77
58 78
58 85
58 92
58 94
58 96
59 61
59 69
59 70
59 71
59 73
59 74
59 78
59 79
59 80
59 84
59 87
59 88
59 89
59 91
59 93
59 97
59 98
59 99
60 61
60 63
60 64
60 69
60 71
60 72
60 78
60 79
60 81
60 82
60 87
60 92
60 93
60 95
60 97
61 63
61 65
61 66
61 67
61 75
61 77
61 79
61 82
61 85
61 86
61 87
61 92
61 93
62 64
62 65
62 66
62 67
62 69
62 70
62 72
62 74
62 85
62 86
62 88
62 89
62 90
62 92
62 95
62 96
62 98
62 99
63 64
63 66
63 67
63 71
63 74
63 75
63 76
63 81
63 82
63 83
63 86
63 88
63 91
63 92
63 96
63 97
64 71
64 79
64 80
64 84
64 86
64 87
64 89
64 91
64 92
64 94
64 95
65 68
65 71
65 72
65 73
65 77
65 78
65 79
65 81
65 82
65 84
65 87
65 91
65 92
65 94
66 70
66 71
66 72
66 75
66 77
66 81
66 83
66 85
66 86
66 88
66 98
67 74
67 75
67 78
67 79
67 81
67 82
67 84
67 85
67 87
67 88
67 90
67 92
67 93
67 94
67 95
68 69
68 70
68 72
68 73
68 74
68 80
68 82
68 83
68 86
68 88
68 92
68 96
68 98
68 99
69 75
69 77
69 79
69 80
69 81
69 89
69 90
69 91
69 92
69 94
69 95
69 96
69 97
70 73
70 77
70 78
70 80
70 81
70 85
70 89
70 90
70 91
70 95
71 72
71 75
71 76
71 77
71 79
71 81
71 88
71 90
71 93
71 97
72 73
72 76
72 82
72 84
72 86
72 94
72 95
72 96
72 98
73 74
73 75
73 77
73 85
73 86
73 87
73 93
73 94
73 95
73 96
74 78
74 81
74 83
74 84
74 86
74 88
74 89
74 91
74 93
74 97
75 78
75 82
75 85
75 88
75 91
75 93
75 96
75 98
75 99
76 77
76 79
76 82
76 85
76 86
76 88
76 89
76 90
76 92
76 93
76 96
76 97
77 80
77 83
77 85
77 87
77 89
77 90
77 91
77 94
77 95
77 99
78 83
78 84
78 87
78 88
78 91
78 94
78 95
78 97
78 99
79 80
79 81
79 87
79 93
79 99
80 81
80 83
80 84
80 88
80 89
80 90
80 93
80 95
80 96
81 89
81 91
81 94
81 95
81 98
81 99
82 85
82 86
82 88
82 90
82 92
82 94
82 98
82 99
83 86
83 89
83 91
83 96
83 97
83 98
83 99
84 89
84 91
84 93
84 94
84 95
84 96
84 97
84 98
84 99
85 86
85 87
85 90
85 92
85 96
86 90
86 92
86 94
86 97
87 89
87 91
87 92
87 94
87 97
87 98
88 90
88 96
89 91
89 92
89 98
90 93
90 95
90 96
90 98
90 99
91 98
91 99
92 94
92 97
93 94
93 97
94 96
94 97
95 98
96 97
96 99
