100 1950 0.3939393939393939 39 39
0 1
0 6
0 8
0 10
0 18
0 23
0 24
0 26
0 28
0 29
0 37
0 41
0 43
0 49
0 50
0 52
0 53
0 58
0 60
0 66
0 68
0 70
0 72
0 73
0 75
0 76
0 77
0 78
0 79
0 81
0 84
0 86
0 87
0 92
0 93
0 95
0 96
0 97
0 99
1 4
1 6
1 7
1 9
1 13
1 15
1 18
1 21
1 23
1 24
1 28
1 29
1 30
1 33
1 36
1 37
1 40
1 44
1 45
1 46
1 47
1 50
1 55
1 56
1 58
1 67
1 77
1 79
1 84
1 86
1 87
1 90
1 92
1 93
1 96
1 97
1 98
1 99
2 3
2 5
2 7
2 8
2 11
2 13
2 15
2 16
2 21
2 22
2 26
2 33
2 34
2 35
2 41
2 42
2 47
2 50
2 51
2 56
2 59
2 61
2 62
2 63
2 64
2 66
2 70
2 75
2 77
2 79
2 81
2 82
2 83
2 84
2 88
2 89
2 92
2 93
2 97
3 6
3 11
3 16
3 17
3 18
3 20
3 21
3 22
3 24
3 25
3 33
3 34
3 35
3 37
3 40
3 43
3 45
3 47
3 51
3 52
3 54
3 55
3 59
3 61
3 65
3 66
3 67
3 69
3 70
3 72
3 73
3 74
3 76
3 78
3 81
3 85
3 87
3 93
4 5
4 13
4 15
4 17
4 18
4 19
4 21
4 23
4 26
4 28
4 29
4 31
4 34
4 41
4 45
4 46
4 47
4 48
4 49
4 52
4 53
4 54
4 57
4 61
4 63
4 66
4 67
4 72
4 73
4 74
4 75
4 79
4 82
4 83
4 89
4 91
4 97
4 98
5 7
5 8
5 12
5 14
5 15
5 18
5 22
5 24
5 26
5 31
5 32
5 33
5 35
5 36
5 41
5 43
5 48
5 49
5 50
5 61
5 62
5 63
5 64
5 65
5 66
5 67
5 69
5 70
5 74
5 75
5 76
5 81
5 85
5 86
5 88
5 89
5 96
6 7
6 12
6 14
6 15
6 16
6 18
6 20
6 22
6 25
6 30
6 31
6 32
6 34
6 35
6 37
6 39
6 47
6 49
6 51
6 55
6 56
6 59
6 60
6 65
6 67
6 70
6 71
6 72
6 77
6 78
6 80
6 83
6 87
6 88
6 94
6 95
7 16
7 17
7 19
7 21
7 22
7 25
7 26
7 33
7 34
7 38
7 39
7 40
7 48
7 50
7 52
7 56
7 57
7 61
7 66
7 67
7 68
7 74
7 75
7 78
7 80
7 82
7 86
7 87
7 88
7 90
7 91
7 93
7 95
7 97
7 98
8 10
8 14
8 15
8 16
8 17
8 22
8 24
8 25
8 26
8 27
8 32
8 33
8 34
8 36
8 38
8 52
8 53
8 57
8 62
8 64
8 66
8 73
8 74
8 76
8 77
8 78
8 79
8 80
8 84
8 86
8 87
8 89
8 91
8 93
8 95
8 98
9 10
9 12
9 18
9 22
9 26
9 27
9 28
9 32
9 34
9 39
9 41
9 44
9 47
9 50
9 51
9 55
9 57
9 58
9 60
9 63
9 64
9 71
9 72
9 73
9 74
9 76
9 78
9 80
9 81
9 87
9 88
9 89
9 90
9 91
9 92
9 97
9 98
9 99
10 13
10 15
10 16
10 20
10 24
10 25
10 26
10 28
10 30
10 34
10 36
10 37
10 38
10 40
10 43
10 44
10 45
10 49
10 52
10 54
10 56
10 58
10 61
10 62
10 63
10 65
10 66
10 68
10 70
10 71
10 73
10 83
10 85
10 88
10 90
10 94
11 15
11 19
11 20
11 21
11 23
11 24
11 26
11 27
11 30
11 31
11 34
11 35
11 38
11 39
11 42
11 44
11 48
11 53
11 55
11 60
11 61
11 68
11 71
11 72
11 73
11 75
11 78
11 79
11 80
11 83
11 87
11 91
11 92
11 93
11 94
11 96
11 98
12 13
12 16
12 18
12 19
12 21
12 22
12 24
12 29
12 31
12 32
12 34
12 35
12 37
12 41
12 46
12 53
12 54
12 55
12 59
12 62
12 63
12 64
12 69
12 70
12 72
12 74
12 77
12 78
12 79
12 83
12 84
12 87
12 94
12 96
12 98
12 99
13 16
13 18
13 19
13 20
13 22
13 24
13 27
13 28
13 29
13 30
13 31
13 32
13 39
13 40
13 42
13 43
13 44
13 45
13 46
13 58
13 59
13 60
13 64
13 67
13 71
13 74
13 79
13 83
13 86
13 87
13 90
13 91
13 95
13 99
14 17
14 18
14 25
14 26
14 27
14 28
14 29
14 31
14 33
14 36
14 37
14 38
14 40
14 42
14 44
14 47
14 52
14 53
14 58
14 59
14 60
14 62
14 63
14 64
14 65
14 66
14 67
14 68
14 72
14 75
14 77
14 78
14 86
14 88
14 92
14 97
15 20
15 21
15 22
15 25
15 28
15 29
15 30
15 31
15 34
15 35
15 38
15 39
15 42
15 45
15 54
15 55
15 56
15 57
15 62
15 64
15 65
15 71
15 76
15 77
15 79
15 84
15 89
15 92
15 95
15 98
15 99
16 18
16 24
16 26
16 28
16 34
16 35
16 36
16 37
16 38
16 39
16 43
16 44
16 48
16 50
16 51
16 54
16 57
16 63
16 67
16 71
16 73
16 78
16 80
16 81
16 82
16 85
16 86
16 87
16 89
16 96
16 98
17 18
17 19
17 21
17 23
17 25
17 30
17 32
17 34
17 37
17 39
17 41
17 43
17 46
17 47
17 49
17 52
17 53
17 55
17 56
17 61
17 62
17 65
17 66
17 68
17 69
17 70
17 76
17 77
17 84
17 88
17 93
17 94
17 97
17 99
18 19
18 25
18 26
18 27
18 28
18 29
18 37
18 43
18 44
18 45
18 46
18 48
18 53
18 54
18 57
18 65
18 67
18 75
18 77
18 85
18 87
18 88
18 90
18 95
18 96
18 97
18 98
19 22
19 24
19 28
19 29
19 31
19 32
19 33
19 40
19 41
19 43
19 44
19 45
19 47
19 53
19 54
19 60
19 62
19 66
19 68
19 70
19 73
19 75
19 76
19 77
19 82
19 87
19 88
19 91
19 95
19 96
19 97
19 99
20 23
20 28
20 29
20 30
20 32
20 36
20 38
20 41
20 43
20 45
20 47
20 49
20 52
20 53
20 54
20 57
20 58
20 59
20 62
20 64
20 66
20 67
20 69
20 71
20 74
20 76
20 80
20 81
20 83
20 91
20 94
20 97
20 98
21 23
21 25
21 27
21 29
21 31
21 34
21 42
21 44
21 47
21 48
21 50
21 51
21 53
21 54
21 55
21 58
21 61
21 63
21 74
21 77
21 80
21 82
21 83
21 87
21 88
21 91
21 92
21 93
21 97
21 98
22 25
22 27
22 29
22 36
22 37
22 38
22 39
22 40
22 44
22 45
22 48
22 55
22 59
22 63
22 66
22 69
22 70
22 72
22 73
22 74
22 79
22 82
22 86
22 87
22 89
22 91
22 93
22 97
23 27
23 30
23 32
23 33
23 34
23 37
23 40
23 41
23 42
23 44
23 45
23 47
23 49
23 52
23 55
23 57
23 62
23 63
23 66
23 69
23 72
23 75
23 77
23 79
23 80
23 83
23 85
23 87
23 88
23 94
23 95
23 97
24 26
24 27
24 28
24 29
24 30
24 33
24 34
24 36
24 38
24 39
24 42
24 46
24 48
24 50
24 56
24 59
24 64
24 66
24 70
24 71
24 74
24 80
24 81
24 82
24 85
24 89
24 92
24 99
25 27
25 28
25 33
25 34
25 35
25 37
25 42
25 48
25 49
25 51
25 54
25 56
25 58
25 59
25 66
25 67
25 70
25 71
25 73
25 74
25 76
25 78
25 81
25 85
25 86
25 94
25 95
25 97
26 27
26 30
26 31
26 32
26 33
26 36
26 37
26 41
26 46
26 47
26 50
26 51
26 53
26 58
26 61
26 63
26 65
26 74
26 78
26 80
26 81
26 83
26 94
26 95
26 96
26 98
27 28
27 29
27 32
27 34
27 36
27 38
27 41
27 47
27 48
27 59
27 64
27 68
27 69
27 70
27 72
27 73
27 74
27 75
27 76
27 79
27 82
27 84
27 85
27 88
27 91
27 92
27 96
28 31
28 36
28 43
28 44
28 47
28 53
28 55
28 62
28 63
28 66
28 67
28 68
28 70
28 71
28 75
28 79
28 81
28 82
28 89
28 91
28 92
28 96
28 97
28 99
29 31
29 32
29 36
29 38
29 39
29 42
29 45
29 48
29 51
29 53
29 55
29 58
29 59
29 64
29 73
29 74
29 75
29 78
29 82
29 83
29 84
29 86
29 91
29 93
29 95
30 33
30 37
30 38
30 41
30 49
30 50
30 54
30 56
30 64
30 65
30 69
30 70
30 71
30 72
30 73
30 74
30 77
30 78
30 81
30 84
30 85
30 87
30 90
30 91
30 94
30 97
30 98
30 99
31 34
31 35
31 39
31 40
31 41
31 42
31 45
31 47
31 48
31 50
31 51
31 55
31 56
31 57
31 59
31 60
31 62
31 65
31 69
31 70
31 82
31 83
31 85
31 92
31 96
31 97
32 36
32 37
32 39
32 40
32 44
32 46
32 47
32 48
32 51
32 53
32 56
32 57
32 60
32 63
32 68
32 69
32 75
32 76
32 80
32 88
32 91
32 93
32 94
32 95
32 98
32 99
33 36
33 37
33 41
33 43
33 44
33 46
33 47
33 52
33 53
33 54
33 60
33 62
33 63
33 68
33 73
33 74
33 75
33 80
33 81
33 83
33 87
33 89
33 92
33 93
33 96
33 97
34 35
34 45
34 57
34 59
34 64
34 67
34 68
34 70
34 71
34 72
34 76
34 77
34 80
34 81
34 85
34 86
34 90
34 92
34 95
34 98
35 38
35 39
35 40
35 47
35 50
35 53
35 54
35 57
35 58
35 60
35 61
35 63
35 68
35 70
35 71
35 76
35 79
35 80
35 81
35 82
35 84
35 86
35 89
35 90
35 91
35 93
35 95
35 98
36 39
36 49
36 51
36 52
36 54
36 59
36 60
36 61
36 63
36 64
36 65
36 67
36 68
36 69
36 72
36 74
36 78
36 79
36 80
36 88
36 90
36 93
36 94
36 96
37 45
37 48
37 49
37 50
37 53
37 56
37 57
37 58
37 60
37 64
37 65
37 68
37 70
37 77
37 78
37 81
37 83
37 84
37 85
37 91
37 92
37 95
38 40
38 42
38 43
38 44
38 45
38 47
38 49
38 51
38 53
38 54
38 55
38 65
38 67
38 68
38 70
38 75
38 76
38 77
38 79
38 85
38 88
38 94
38 96
38 97
38 99
39 43
39 51
39 52
39 54
39 58
39 59
39 61
39 62
39 63
39 64
39 65
39 66
39 67
39 69
39 71
39 76
39 78
39 79
39 81
39 82
39 83
39 90
39 91
39 92
40 42
40 43
40 46
40 52
40 54
40 57
40 58
40 61
40 62
40 65
40 72
40 75
40 76
40 81
40 82
40 85
40 86
40 87
40 88
40 89
40 91
40 93
40 94
40 95
40 96
40 99
41 42
41 43
41 45
41 46
41 48
41 52
41 53
41 58
41 65
41 69
41 71
41 72
41 74
41 78
41 79
41 80
41 82
41 83
41 86
41 87
41 89
41 91
41 93
41 99
42 43
42 44
42 45
42 47
42 49
42 53
42 55
42 59
42 61
42 62
42 63
42 65
42 67
42 69
42 73
42 78
42 80
42 81
42 86
42 88
42 90
42 92
42 94
42 96
42 99
43 45
43 48
43 49
43 50
43 52
43 55
43 56
43 57
43 58
43 62
43 70
43 76
43 77
43 78
43 81
43 82
43 85
43 86
43 88
43 94
43 95
43 97
44 45
44 46
44 50
44 51
44 54
44 66
44 69
44 71
44 72
44 73
44 74
44 76
44 77
44 80
44 81
44 83
44 84
44 86
44 87
44 89
44 91
44 99
45 46
45 48
45 49
45 51
45 52
45 54
45 56
45 57
45 60
45 61
45 62
45 64
45 66
45 72
45 82
45 93
45 94
45 96
45 97
46 47
46 48
46 49
46 52
46 55
46 60
46 61
46 62
46 63
46 66
46 69
46 71
46 72
46 74
46 79
46 80
46 81
46 87
46 88
46 89
46 90
46 91
46 93
46 95
46 97
47 49
47 51
47 54
47 55
47 59
47 65
47 66
47 67
47 68
47 73
47 76
47 80
47 82
47 84
47 88
47 98
47 99
48 49
48 51
48 56
48 57
48 61
48 62
48 63
48 65
48 68
48 72
48 75
48 80
48 84
48 86
48 88
48 89
48 90
48 91
48 92
48 95
49 50
49 51
49 57
49 59
49 60
49 61
49 64
49 65
49 66
49 70
49 71
49 72
49 76
49 80
49 85
49 87
49 88
49 89
49 96
49 98
50 51
50 53
50 56
50 57
50 58
50 59
50 60
50 62
50 63
50 67
50 70
50 73
50 74
50 76
50 78
50 81
50 82
50 84
50 86
50 87
50 90
50 94
51 54
51 56
51 58
51 61
51 64
51 66
51 67
51 71
51 72
51 73
51 75
51 82
51 83
51 86
51 89
51 91
51 92
51 94
51 99
52 54
52 56
52 58
52 60
52 61
52 63
52 66
52 67
52 72
52 79
52 83
52 84
52 87
52 89
52 90
52 92
52 93
52 94
52 95
52 98
52 99
53 58
53 61
53 62
53 64
53 67
53 68
53 72
53 74
53 75
53 77
53 79
53 83
53 85
53 89
53 90
53 95
53 96
54 55
54 56
54 58
54 69
54 71
54 75
54 77
54 82
54 85
54 86
54 90
54 91
54 93
54 97
54 98
54 99
55 57
55 58
55 59
55 60
55 63
55 64
55 65
55 67
55 72
55 75
55 76
55 77
55 79
55 82
55 83
55 87
55 92
55 95
55 97
56 59
56 65
56 66
56 68
56 69
56 70
56 71
56 73
56 74
56 76
56 77
56 78
56 80
56 82
56 87
56 88
56 90
56 93
56 98
57 58
57 60
57 61
57 62
57 63
57 64
57 65
57 67
57 68
57 71
57 76
57 79
57 81
57 83
57 84
57 86
57 91
57 96
58 59
58 61
58 63
58 68
58 69
58 73
58 74
58 75
58 76
58 77
58 78
58 82
58 83
58 86
58 94
59 61
59 64
59 66
59 67
59 68
59 69
59 70
59 71
59 72
59 75
59 79
59 81
59 85
59 87
59 89
59 95
60 62
60 66
60 68
60 70
60 71
60 73
60 76
60 79
60 80
60 81
60 82
60 85
60 87
60 88
60 89
60 90
60 92
60 94
60 99
61 65
61 68
61 73
61 74
61 75
61 77
61 80
61 82
61 84
61 87
61 91
61 92
61 93
61 98
62 63
62 64
62 67
62 74
62 75
62 77
62 79
62 80
62 81
62 88
62 89
62 90
62 93
62 95
63 66
63 71
63 72
63 78
63 82
63 86
63 88
63 90
63 92
63 95
63 98
63 99
64 66
64 67
64 69
64 73
64 77
64 78
64 81
64 83
64 84
64 86
64 89
64 93
64 96
64 98
65 68
65 74
65 76
65 78
65 80
65 82
65 84
65 85
65 87
65 89
65 90
65 93
65 95
65 97
66 70
66 73
66 79
66 82
66 84
66 92
66 96
66 97
66 99
67 68
67 72
67 76
67 78
67 83
67 88
67 90
67 92
67 96
67 98
67 99
68 69
68 71
68 74
68 75
68 80
68 82
68 83
68 87
68 91
68 94
68 95
68 96
69 71
69 72
69 73
69 78
69 81
69 83
69 84
69 85
69 86
69 88
69 89
69 92
69 93
69 96
69 97
69 98
70 71
70 77
70 80
70 84
70 85
70 87
70 89
70 91
70 92
70 93
70 94
70 96
71 75
71 77
71 78
71 81
71 85
71 88
71 89
71 90
71 94
71 98
72 76
72 79
72 81
72 82
72 92
72 93
72 94
72 95
72 96
72 99
73 74
73 75
73 78
73 79
73 80
73 81
73 83
73 85
73 90
73 92
73 97
73 98
74 75
74 76
74 85
74 91
74 93
74 94
74 95
74 99
75 77
75 78
75 84
75 85
75 86
75 89
75 91
75 96
75 99
76 77
76 83
76 84
76 89
76 92
76 94
76 96
76 97
77 79
77 80
77 82
77 90
77 91
77 94
77 95
77 99
78 79
78 84
78 86
78 87
78 88
78 90
78 93
78 97
79 81
79 84
79 85
79 86
79 88
79 94
79 95
79 98
80 83
80 90
80 92
80 94
80 95
80 96
80 98
81 85
81 90
81 92
81 93
81 96
81 97
82 84
82 86
82 88
82 91
82 93
82 99
83 84
83 85
83 86
83 89
83 92
83 94
83 95
83 98
84 85
84 86
84 88
84 89
84 90
84 92
84 94
84 95
84 98
85 90
85 91
85 92
85 93
85 96
85 97
85 99
86 87
86 88
86 94
86 96
86 97
86 98
87 89
87 93
87 98
87 99
88 89
88 92
88 93
88 99
89 90
89 94
89 96
89 99
90 91
90 93
90 95
90 97
90 98
90 99
91 93
91 95
91 98
91 99
92 96
92 97
93 94
94 95
94 97
94 99
95 96
96 97
96 98
97 99
98 99
