100 2000 0.40404040404040403 40 40
0 2
0 5
0 8
0 9
0 10
0 12
0 18
0 19
0 20
0 29
0 30
0 31
0 33
0 36
0 38
0 39
0 40
0 45
0 48
0 50
0 53
0 54
0 62
0 65
0 67
0 68
0 73
0 74
0 75
0 78
0 82
0 85
0 86
0 89
0 90
0 92
0 93
0 96
0 98
0 99
1 2
1 5
1 8
1 10
1 12
1 15
1 16
1 17
1 18
1 22
1 24
1 25
1 29
1 30
1 31
1 32
1 39
1 40
1 48
1 50
1 54
1 57
1 59
1 62
1 63
1 67
1 68
1 69
1 71
1 72
1 75
1 76
1 78
1 79
1 81
1 82
1 89
1 91
1 93
1 94
2 7
2 12
2 22
2 23
2 24
2 26
2 28
2 32
2 37
2 40
2 45
2 50
2 51
2 53
2 54
2 55
2 57
2 58
2 61
2 62
2 64
2 65
2 66
2 67
2 72
2 74
2 76
2 77
2 81
2 83
2 84
2 86
2 87
2 88
2 89
2 91
2 97
2 99
3 4
3 6
3 7
3 11
3 12
3 15
3 17
3 31
3 32
3 35
3 36
3 37
3 38
3 40
3 42
3 44
3 46
3 47
3 48
3 50
3 51
3 56
3 61
3 62
3 63
3 64
3 68
3 69
3 72
3 74
3 76
3 79
3 82
3 84
3 90
3 91
3 92
3 95
3 96
3 98
4 6
4 7
4 8
4 11
4 12
4 13
4 14
4 18
4 19
4 25
4 26
4 27
4 32
4 34
4 36
4 37
4 43
4 45
4 47
4 48
4 52
4 53
4 55
4 59
4 60
4 62
4 63
4 66
4 69
4 70
4 71
4 72
4 73
4 75
4 77
4 79
4 82
4 85
4 98
5 7
5 8
5 9
5 13
5 17
5 22
5 31
5 33
5 36
5 41
5 44
5 46
5 49
5 52
5 53
5 54
5 55
5 59
5 60
5 61
5 63
5 65
5 72
5 73
5 77
5 78
5 79
5 80
5 83
5 86
5 88
5 90
5 91
5 92
5 93
5 96
5 97
5 98
6 8
6 14
6 15
6 21
6 25
6 29
6 30
6 32
6 34
6 36
6 38
6 40
6 41
6 42
6 50
6 51
6 54
6 55
6 58
6 64
6 65
6 67
6 68
6 72
6 73
6 78
6 80
6 81
6 82
6 84
6 85
6 90
6 93
6 95
6 96
6 97
6 98
6 99
7 9
7 13
7 18
7 19
7 21
7 25
7 26
7 31
7 32
7 34
7 37
7 42
7 43
7 48
7 49
7 52
7 53
7 54
7 56
7 59
7 60
7 63
7 65
7 71
7 74
7 75
7 77
7 79
7 80
7 82
7 85
7 86
7 88
7 96
7 97
7 99
8 9
8 10
8 13
8 15
8 26
8 27
8 28
8 32
8 34
8 35
8 37
8 39
8 46
8 50
8 51
8 55
8 58
8 59
8 63
8 64
8 65
8 69
8 73
8 77
8 78
8 83
8 85
8 86
8 88
8 89
8 90
8 91
8 92
8 93
8 98
9 10
9 13
9 14
9 15
9 17
9 23
9 26
9 27
9 29
9 31
9 33
9 34
9 35
9 36
9 37
9 38
9 43
9 47
9 48
9 51
9 52
9 53
9 55
9 57
9 60
9 64
9 66
9 67
9 71
9 80
9 81
9 88
9 89
9 96
9 97
9 99
10 11
10 12
10 16
10 18
10 19
10 22
10 23
10 25
10 30
10 31
10 36
10 37
10 40
10 42
10 43
10 46
10 52
10 54
10 56
10 57
10 60
10 63
10 71
10 72
10 73
10 74
10 81
10 83
10 84
10 85
10 86
10 88
10 91
10 92
10 93
10 94
11 13
11 14
11 19
11 20
11 22
11 23
11 24
11 27
11 28
11 32
11 35
11 38
11 42
11 45
11 49
11 51
11 52
11 53
11 54
11 55
11 57
11 63
11 65
11 67
11 69
11 71
11 79
11 80
11 81
11 84
11 89
11 91
11 93
11 94
11 95
11 98
11 99
12 17
12 18
12 19
12 21
12 24
12 27
12 33
12 35
12 36
12 38
12 41
12 42
12 43
12 44
12 46
12 51
12 53
12 60
12 63
12 67
12 69
12 70
12 71
12 72
12 75
12 78
12 79
12 82
12 88
12 94
12 95
12 96
12 97
12 99
13 14
13 16
13 20
13 21
13 22
13 27
13 33
13 34
13 35
13 36
13 42
13 44
13 46
13 48
13 49
13 52
13 53
13 54
13 62
13 63
13 64
13 66
13 68
13 70
13 79
13 83
13 85
13 87
13 91
13 92
13 95
13 96
13 97
13 99
14 15
14 20
14 21
14 22
14 24
14 28
14 29
14 30
14 31
14 32
14 34
14 36
14 37
14 39
14 40
14 49
14 52
14 53
14 58
14 59
14 62
14 65
14 67
14 69
14 70
14 77
14 78
14 79
14 83
14 84
14 90
14 94
14 97
14 98
14 99
15 18
15 19
15 21
15 24
15 27
15 28
15 33
15 35
15 37
15 38
15 41
15 44
15 46
15 47
15 48
15 49
15 51
15 57
15 60
15 63
15 67
15 68
15 70
15 72
15 74
15 76
15 77
15 80
15 82
15 85
15 87
15 88
15 94
15 98
16 19
16 21
16 22
16 27
16 32
16 33
16 34
16 35
16 36
16 41
16 42
16 43
16 44
16 50
16 51
16 52
16 53
16 60
16 61
16 62
16 64
16 66
16 69
16 70
16 74
16 77
16 78
16 80
16 81
16 84
16 85
16 89
16 90
16 94
16 95
16 96
16 99
17 24
17 27
17 28
17 29
17 31
17 33
17 34
17 37
17 39
17 40
17 41
17 44
17 45
17 49
17 50
17 51
17 55
17 57
17 58
17 59
17 62
17 69
17 72
17 74
17 75
17 76
17 84
17 86
17 87
17 88
17 89
17 91
17 94
17 95
17 97
18 19
18 23
18 24
18 25
18 29
18 32
18 33
18 35
18 36
18 39
18 40
18 43
18 46
18 48
18 53
18 54
18 55
18 58
18 59
18 63
18 65
18 71
18 74
18 76
18 80
18 82
18 90
18 91
18 93
18 94
18 95
18 96
18 99
19 21
19 22
19 23
19 24
19 25
19 35
19 38
19 42
19 43
19 45
19 46
19 47
19 48
19 49
19 50
19 51
19 52
19 56
19 57
19 58
19 59
19 66
19 71
19 77
19 81
19 84
19 89
19 90
19 92
19 93
19 94
20 21
20 24
20 26
20 27
20 29
20 31
20 33
20 35
20 37
20 38
20 40
20 41
20 45
20 46
20 47
20 49
20 51
20 52
20 53
20 54
20 61
20 63
20 64
20 65
20 66
20 67
20 68
20 72
20 75
20 76
20 79
20 83
20 86
20 95
20 98
20 99
21 24
21 25
21 27
21 28
21 31
21 32
21 33
21 34
21 39
21 41
21 43
21 45
21 47
21 52
21 55
21 56
21 57
21 59
21 63
21 64
21 66
21 69
21 72
21 74
21 76
21 79
21 80
21 81
21 87
21 89
21 95
22 24
22 27
22 33
22 39
22 40
22 47
22 48
22 50
22 56
22 57
22 58
22 59
22 60
22 61
22 62
22 66
22 69
22 71
22 72
22 73
22 75
22 77
22 79
22 82
22 83
22 84
22 88
22 91
22 92
22 94
22 98
23 24
23 27
23 30
23 31
23 33
23 34
23 36
23 37
23 41
23 42
23 48
23 50
23 55
23 58
23 59
23 60
23 62
23 64
23 66
23 72
23 74
23 75
23 76
23 77
23 83
23 84
23 85
23 87
23 88
23 89
23 90
23 91
23 92
23 96
24 28
24 31
24 33
24 34
24 38
24 39
24 46
24 52
24 53
24 57
24 58
24 64
24 65
24 68
24 70
24 71
24 73
24 77
24 78
24 79
24 81
24 83
24 84
24 88
24 90
24 93
24 97
25 27
25 29
25 30
25 37
25 38
25 39
25 40
25 41
25 45
25 49
25 50
25 55
25 56
25 60
25 61
25 64
25 66
25 68
25 70
25 73
25 76
25 78
25 81
25 83
25 87
25 90
25 91
25 93
25 94
25 95
25 96
25 97
26 29
26 32
26 33
26 34
26 35
26 36
26 38
26 40
26 41
26 42
26 44
26 45
26 46
26 47
26 48
26 53
26 56
26 61
26 66
26 67
26 69
26 70
26 71
26 72
26 75
26 76
26 78
26 81
26 86
26 88
26 90
26 93
26 94
26 95
27 31
27 33
27 35
27 37
27 41
27 43
27 46
27 49
27 50
27 51
27 52
27 53
27 55
27 57
27 58
27 62
27 63
27 68
27 75
27 77
27 85
27 87
27 88
27 91
27 92
27 98
28 32
28 35
28 36
28 37
28 38
28 39
28 44
28 45
28 48
28 49
28 51
28 52
28 53
28 54
28 55
28 57
28 59
28 60
28 61
28 62
28 64
28 71
28 72
28 74
28 77
28 78
28 82
28 84
28 87
28 92
28 97
28 99
29 30
29 31
29 33
29 39
29 44
29 45
29 46
29 47
29 48
29 49
29 50
29 52
29 54
29 56
29 57
29 63
29 66
29 67
29 68
29 72
29 73
29 74
29 75
29 80
29 82
29 88
29 94
29 95
29 97
29 99
30 31
30 32
30 33
30 35
30 38
30 39
30 40
30 41
30 42
30 43
30 47
30 49
30 50
30 55
30 57
30 59
30 61
30 62
30 65
30 67
30 68
30 71
30 73
30 75
30 76
30 82
30 85
30 87
30 89
30 90
30 92
30 94
31 34
31 36
31 38
31 39
31 44
31 46
31 49
31 52
31 54
31 62
31 64
31 66
31 69
31 71
31 77
31 79
31 80
31 82
31 84
31 90
31 91
31 92
31 93
31 97
32 33
32 36
32 37
32 46
32 50
32 54
32 55
32 56
32 59
32 61
32 68
32 69
32 70
32 71
32 76
32 79
32 80
32 82
32 83
32 85
32 86
32 87
32 91
32 95
32 97
33 37
33 38
33 40
33 41
33 44
33 46
33 47
33 55
33 56
33 57
33 60
33 63
33 64
33 65
33 68
33 75
33 77
33 84
33 85
33 92
33 93
34 37
34 41
34 43
34 53
34 54
34 60
34 63
34 65
34 66
34 67
34 68
34 72
34 73
34 78
34 79
34 80
34 81
34 82
34 83
34 85
34 87
34 89
34 90
34 91
34 93
34 99
35 38
35 39
35 40
35 41
35 44
35 47
35 58
35 59
35 60
35 61
35 62
35 69
35 74
35 76
35 78
35 80
35 84
35 85
35 86
35 87
35 94
35 95
35 96
35 97
35 98
36 37
36 38
36 40
36 47
36 55
36 66
36 67
36 69
36 70
36 74
36 78
36 79
36 81
36 83
36 84
36 86
36 88
36 89
36 90
36 91
36 96
36 98
36 99
37 40
37 42
37 46
37 54
37 56
37 58
37 59
37 60
37 67
37 70
37 73
37 77
37 78
37 80
37 82
37 83
37 86
37 88
37 92
37 96
37 97
38 45
38 49
38 51
38 53
38 54
38 61
38 63
38 66
38 67
38 68
38 69
38 71
38 72
38 77
38 80
38 82
38 84
38 91
38 92
38 93
38 96
38 97
39 42
39 45
39 46
39 48
39 50
39 52
39 55
39 57
39 61
39 63
39 64
39 65
39 68
39 71
39 72
39 76
39 79
39 81
39 85
39 87
39 88
39 89
39 90
39 93
39 95
40 42
40 43
40 47
40 52
40 55
40 56
40 57
40 59
40 62
40 65
40 70
40 71
40 74
40 84
40 85
40 87
40 89
40 90
40 91
40 93
40 95
40 97
41 42
41 44
41 45
41 47
41 49
41 51
41 53
41 55
41 56
41 57
41 59
41 65
41 67
41 76
41 80
41 82
41 86
41 87
41 88
41 89
41 90
41 94
41 95
41 96
42 43
42 44
42 50
42 52
42 54
42 55
42 60
42 61
42 62
42 65
42 67
42 68
42 69
42 72
42 73
42 74
42 77
42 80
42 81
42 83
42 87
42 88
42 89
42 93
43 44
43 46
43 51
43 53
43 54
43 56
43 58
43 59
43 61
43 67
43 68
43 69
43 70
43 71
43 73
43 75
43 76
43 82
43 84
43 88
43 89
43 90
43 93
43 96
43 98
43 99
44 51
44 52
44 54
44 57
44 62
44 63
44 64
44 65
44 67
44 68
44 71
44 72
44 73
44 74
44 77
44 78
44 80
44 82
44 84
44 86
44 89
44 96
44 97
44 98
45 46
45 51
45 53
45 54
45 55
45 56
45 57
45 58
45 59
45 63
45 65
45 66
45 67
45 69
45 70
45 80
45 81
45 82
45 86
45 87
45 89
45 92
45 93
45 94
45 99
46 48
46 51
46 56
46 59
46 61
46 63
46 65
46 67
46 69
46 70
46 71
46 75
46 76
46 77
46 80
46 83
46 88
46 94
46 98
47 51
47 52
47 54
47 55
47 56
47 57
47 58
47 59
47 60
47 61
47 66
47 70
47 71
47 72
47 78
47 79
47 83
47 86
47 91
47 92
47 95
47 96
47 98
47 99
48 49
48 50
48 51
48 54
48 57
48 58
48 62
48 63
48 64
48 66
48 68
48 69
48 70
48 72
48 74
48 78
48 79
48 80
48 83
48 86
48 94
48 95
48 99
49 50
49 53
49 55
49 56
49 60
49 61
49 65
49 66
49 73
49 76
49 79
49 80
49 85
49 86
49 87
49 89
49 93
49 94
49 95
49 97
49 98
49 99
50 55
50 57
50 58
50 63
50 65
50 66
50 67
50 70
50 73
50 74
50 75
50 76
50 78
50 83
50 84
50 86
50 96
50 97
50 98
50 99
51 52
51 53
51 54
51 56
51 58
51 63
51 64
51 68
51 77
51 78
51 84
51 87
51 88
51 91
51 92
51 94
51 95
51 99
52 55
52 56
52 58
52 59
52 60
52 66
52 73
52 75
52 77
52 79
52 81
52 83
52 88
52 92
52 94
52 95
52 99
53 55
53 64
53 66
53 71
53 73
53 74
53 75
53 78
53 81
53 82
53 84
53 87
53 88
53 89
53 90
53 91
54 56
54 57
54 64
54 69
54 71
54 72
54 73
54 74
54 75
54 83
54 87
54 90
54 91
54 95
54 99
55 58
55 59
55 61
55 65
55 71
55 73
55 79
55 80
55 88
55 93
55 97
55 98
56 57
56 58
56 61
56 62
56 63
56 67
56 68
56 69
56 71
56 80
56 84
56 86
56 87
56 89
56 93
56 96
56 97
56 98
57 60
57 62
57 65
57 72
57 75
57 77
57 78
57 84
57 86
57 89
57 95
57 97
57 98
57 99
58 62
58 63
58 70
58 74
58 75
58 76
58 81
58 82
58 83
58 84
58 85
58 90
58 91
58 92
58 93
58 96
58 97
58 99
59 60
59 63
59 64
59 66
59 67
59 68
59 69
59 71
59 73
59 74
59 81
59 82
59 83
59 85
59 98
60 62
60 65
60 66
60 70
60 74
60 76
60 77
60 79
60 80
60 81
60 82
60 85
60 86
60 87
60 89
60 92
60 95
60 97
61 62
61 64
61 66
61 68
61 69
61 70
61 71
61 75
61 77
61 78
61 81
61 82
61 85
61 87
61 88
61 90
61 91
61 92
61 94
62 67
62 68
62 72
62 73
62 74
62 79
62 81
62 84
62 85
62 86
62 88
62 89
62 91
62 95
62 99
63 64
63 71
63 73
63 76
63 81
63 82
63 83
63 88
63 91
63 98
63 99
64 65
64 67
64 69
64 70
64 72
64 78
64 80
64 81
64 82
64 84
64 85
64 88
64 90
64 92
64 96
64 97
65 71
65 72
65 73
65 75
65 79
65 80
65 81
65 82
65 87
65 90
65 92
65 94
65 98
66 69
66 77
66 78
66 81
66 83
66 84
66 85
66 86
66 87
66 88
66 89
66 94
66 96
67 69
67 72
67 73
67 75
67 81
67 83
67 85
67 86
67 90
67 91
67 92
67 93
68 70
68 71
68 72
68 74
68 75
68 76
68 77
68 81
68 83
68 84
68 87
68 89
68 90
68 97
69 73
69 74
69 76
69 81
69 82
69 85
69 93
69 94
69 95
69 97
69 99
70 71
70 72
70 73
70 76
70 77
70 78
70 79
70 80
70 81
70 84
70 86
70 89
70 91
70 92
70 97
70 99
71 74
71 76
71 83
71 85
71 86
71 93
71 96
72 73
72 76
72 82
72 86
72 88
72 89
72 92
72 95
73 76
73 77
73 78
73 80
73 81
73 82
73 85
73 87
73 90
73 99
74 75
74 79
74 81
74 82
74 84
74 85
74 86
74 87
74 90
74 92
74 97
75 77
75 78
75 81
75 83
75 88
75 89
75 90
75 91
75 92
75 93
75 96
75 97
75 99
76 77
76 78
76 79
76 83
76 84
76 85
76 86
76 89
76 95
76 96
76 98
77 79
77 81
77 83
77 84
77 87
77 94
77 96
77 97
78 82
78 83
78 86
78 90
78 91
78 93
78 95
78 96
78 98
78 99
79 82
79 83
79 85
79 86
79 88
79 90
79 96
79 97
79 98
79 99
80 82
80 83
80 85
80 86
80 87
80 88
80 92
80 94
80 96
80 99
81 90
81 91
81 94
81 95
82 89
82 91
82 92
83 87
83 90
83 94
83 96
83 98
84 92
84 94
84 95
84 96
84 98
85 86
85 88
85 89
85 91
85 93
85 98
86 93
86 94
86 95
86 97
86 98
87 91
87 92
87 94
87 95
87 96
87 97
87 98
88 90
88 93
88 96
88 97
89 90
89 91
89 92
89 94
89 96
90 93
90 97
91 93
91 98
91 99
92 93
92 94
92 95
92 98
92 99
93 94
93 95
93 97
93 98
94 96
94 98
94 99
95 96
95 98
95 99
96 98
