100 2050 0.41414141414141414 41 41
0 2
0 6
0 9
0 10
0 11
0 14
0 15
0 17
0 18
0 21
0 23
0 27
0 31
0 34
0 37
0 38
0 40
0 44
0 47
0 49
0 58
0 60
0 63
0 64
0 66
0 67
0 69
0 72
0 74
0 75
0 76
0 78
0 80
0 81
0 83
0 84
0 85
0 87
0 88
0 95
0 97
1 7
1 8
1 12
1 13
1 19
1 23
1 24
1 25
1 28
1 29
1 30
1 34
1 39
1 42
1 45
1 48
1 51
1 54
1 57
1 59
1 61
1 64
1 68
1 72
1 73
1 75
1 78
1 79
1 80
1 83
1 84
1 85
1 86
1 89
1 91
1 92
1 93
1 95
1 97
1 98
1 99
2 4
2 6
2 7
2 9
2 11
2 12
2 13
2 15
2 17
2 21
2 24
2 31
2 32
2 33
2 35
2 40
2 41
2 46
2 47
2 48
2 50
2 51
2 54
2 56
2 59
2 60
2 61
2 65
2 66
2 67
2 72
2 73
2 74
2 77
2 79
2 82
2 85
2 88
2 89
2 95
3 8
3 11
3 12
3 13
3 14
3 16
3 17
3 19
3 20
3 22
3 23
3 24
3 27
3 30
3 34
3 35
3 42
3 43
3 46
3 49
3 51
3 52
3 53
3 58
3 62
3 63
3 67
3 69
3 71
3 72
3 73
3 75
3 78
3 80
3 82
3 84
3 85
3 88
3 89
3 91
3 92
4 7
4 8
4 9
4 11
4 12
4 22
4 23
4 24
4 25
4 26
4 27
4 28
4 29
4 38
4 39
4 41
4 42
4 48
4 50
4 53
4 57
4 58
4 59
4 63
4 65
4 67
4 69
4 70
4 71
4 74
4 76
4 78
4 79
4 80
4 82
4 83
4 94
4 95
4 97
4 99
5 6
5 9
5 11
5 12
5 14
5 15
5 16
5 18
5 19
5 21
5 25
5 29
5 30
5 32
5 36
5 37
5 43
5 44
5 47
5 49
5 52
5 55
5 56
5 63
5 65
5 68
5 69
5 70
5 73
5 78
5 79
5 81
5 82
5 83
5 85
5 89
5 92
5 93
5 95
5 96
5 97
6 7
6 8
6 13
6 15
6 16
6 17
6 22
6 23
6 24
6 36
6 42
6 43
6 44
6 47
6 48
6 49
6 50
6 55
6 56
6 57
6 59
6 60
6 62
6 66
6 68
6 71
6 73
6 81
6 82
6 84
6 87
6 89
6 90
6 91
6 92
6 94
6 96
6 97
7 9
7 17
7 19
7 20
7 22
7 25
7 26
7 27
7 29
7 30
7 33
7 36
7 37
7 38
7 39
7 42
7 47
7 48
7 49
7 58
7 60
7 61
7 63
7 64
7 65
7 66
7 67
7 68
7 71
7 73
7 82
7 85
7 89
7 92
7 93
7 97
7 98
8 10
8 15
8 16
8 18
8 19
8 20
8 21
8 26
8 27
8 30
8 31
8 34
8 35
8 36
8 37
8 38
8 39
8 43
8 44
8 47
8 48
8 50
8 51
8 52
8 53
8 55
8 59
8 65
8 68
8 70
8 71
8 72
8 74
8 87
8 90
8 95
8 97
9 10
9 11
9 12
9 19
9 20
9 26
9 28
9 32
9 34
9 39
9 40
9 41
9 43
9 47
9 53
9 54
9 56
9 57
9 58
9 60
9 70
9 72
9 74
9 75
9 77
9 78
9 79
9 80
9 81
9 83
9 84
9 91
9 92
9 93
9 94
9 96
10 12
10 13
10 14
10 15
10 19
10 23
10 24
10 26
10 28
10 29
10 30
10 33
10 34
10 38
10 40
10 41
10 42
10 44
10 48
10 51
10 53
10 58
10 59
10 62
10 64
10 68
10 69
10 71
10 72
10 76
10 82
10 83
10 84
10 89
10 91
10 93
10 96
10 97
11 12
11 13
11 15
11 16
11 20
11 27
11 28
11 32
11 33
11 35
11 36
11 41
11 42
11 44
11 46
11 49
11 51
11 54
11 55
11 56
11 61
11 66
11 67
11 68
11 69
11 70
11 74
11 77
11 82
11 86
11 89
11 92
11 94
11 97
11 99
12 14
12 16
12 17
12 18
12 19
12 20
12 27
12 31
12 36
12 37
12 40
12 41
12 42
12 43
12 44
12 46
12 47
12 52
12 53
12 62
12 65
12 66
12 69
12 74
12 76
12 77
12 78
12 81
12 83
12 88
12 94
12 97
12 99
13 14
13 18
13 20
13 21
13 26
13 27
13 35
13 36
13 37
13 40
13 42
13 46
13 47
13 49
13 53
13 56
13 57
13 59
13 60
13 61
13 66
13 68
13 70
13 72
13 74
13 77
13 78
13 79
13 81
13 87
13 88
13 94
13 95
13 98
13 99
14 15
14 17
14 18
14 20
14 21
14 24
14 28
14 31
14 35
14 36
14 38
14 41
14 42
14 44
14 45
14 50
14 51
14 54
14 60
14 63
14 64
14 65
14 66
14 69
14 70
14 71
14 76
14 77
14 79
14 80
14 82
14 87
14 88
14 92
14 96
15 23
15 24
15 26
15 35
15 38
15 40
15 45
15 47
15 48
15 56
15 57
15 58
15 61
15 62
15 64
15 65
15 67
15 68
15 70
15 72
15 75
15 76
15 77
15 79
15 85
15 87
15 88
15 90
15 91
15 93
15 94
15 98
15 99
16 17
16 18
16 23
16 25
16 29
16 38
16 41
16 43
16 46
16 50
16 58
16 60
16 61
16 62
16 64
16 66
16 67
16 70
16 72
16 76
16 79
16 81
16 82
16 83
16 84
16 85
16 86
16 91
16 92
16 94
16 95
16 96
16 97
16 98
16 99
17 18
17 22
17 23
17 25
17 26
17 29
17 31
17 34
17 35
17 37
17 40
17 41
17 44
17 50
17 52
17 55
17 57
17 65
17 70
17 71
17 72
17 74
17 78
17 82
17 83
17 84
17 85
17 88
17 89
17 91
17 96
17 98
17 99
18 23
18 29
18 31
18 33
18 36
18 41
18 43
18 45
18 46
18 47
18 50
18 51
18 52
18 53
18 56
18 58
18 59
18 64
18 66
18 68
18 75
18 77
18 78
18 82
18 83
18 84
18 86
18 88
18 90
18 92
18 94
18 96
18 99
19 22
19 24
19 26
19 29
19 31
19 35
19 37
19 39
19 43
19 48
19 53
19 54
19 57
19 58
19 59
19 60
19 63
19 64
19 65
19 67
19 69
19 71
19 72
19 73
19 75
19 76
19 78
19 83
19 85
19 86
19 92
19 94
19 96
20 22
20 23
20 26
20 29
20 31
20 32
20 34
20 37
20 41
20 42
20 44
20 45
20 48
20 54
20 57
20 60
20 62
20 63
20 64
20 65
20 70
20 71
20 72
20 73
20 74
20 78
20 80
20 81
20 84
20 90
20 91
20 95
20 98
21 22
21 24
21 25
21 31
21 33
21 34
21 36
21 38
21 46
21 47
21 49
21 53
21 55
21 57
21 62
21 63
21 65
21 66
21 67
21 71
21 72
21 73
21 75
21 77
21 80
21 81
21 82
21 85
21 86
21 87
21 89
21 90
21 91
21 95
21 98
22 23
22 24
22 25
22 26
22 27
22 29
22 31
22 38
22 39
22 41
22 45
22 48
22 54
22 56
22 63
22 64
22 69
22 70
22 71
22 75
22 79
22 83
22 89
22 90
22 91
22 92
22 93
22 94
22 95
22 96
22 97
22 98
22 99
23 24
23 28
23 32
23 33
23 35
23 38
23 39
23 40
23 48
23 49
23 50
23 51
23 54
23 58
23 60
23 66
23 67
23 68
23 70
23 72
23 73
23 79
23 86
23 92
23 93
23 94
23 95
23 96
23 98
24 27
24 28
24 30
24 31
24 33
24 34
24 36
24 37
24 39
24 40
24 42
24 44
24 45
24 49
24 53
24 54
24 56
24 61
24 66
24 73
24 77
24 78
24 80
24 82
24 87
24 89
24 91
24 94
24 97
25 26
25 27
25 30
25 34
25 38
25 39
25 40
25 41
25 42
25 43
25 46
25 47
25 48
25 50
25 52
25 60
25 62
25 63
25 68
25 70
25 72
25 74
25 75
25 78
25 79
25 80
25 81
25 83
25 86
25 88
25 89
25 91
25 92
26 27
26 28
26 29
26 32
26 33
26 37
26 39
26 44
26 45
26 46
26 48
26 49
26 50
26 51
26 54
26 58
26 63
26 66
26 67
26 70
26 71
26 73
26 77
26 78
26 86
26 89
26 93
26 94
26 97
27 29
27 30
27 31
27 34
27 36
27 43
27 44
27 48
27 50
27 51
27 52
27 54
27 60
27 61
27 64
27 69
27 70
27 71
27 72
27 77
27 80
27 82
27 84
27 86
27 87
27 90
27 91
27 95
27 98
28 29
28 32
28 33
28 37
28 40
28 42
28 44
28 45
28 46
28 48
28 54
28 55
28 59
28 63
28 65
28 66
28 68
28 72
28 73
28 76
28 77
28 78
28 81
28 84
28 85
28 86
28 88
28 89
28 90
28 92
28 94
28 95
29 34
29 35
29 36
29 37
29 45
29 46
29 50
29 51
29 52
29 53
29 54
29 55
29 57
29 64
29 68
29 71
29 72
29 74
29 75
29 79
29 80
29 84
29 87
29 93
29 95
29 97
29 98
30 31
30 39
30 40
30 42
30 47
30 49
30 50
30 51
30 52
30 53
30 56
30 58
30 59
30 64
30 66
30 68
30 72
30 74
30 75
30 76
30 77
30 80
30 81
30 85
30 88
30 89
30 90
30 91
30 92
30 93
30 98
30 99
31 33
31 36
31 43
31 45
31 46
31 47
31 50
31 52
31 53
31 56
31 58
31 59
31 60
31 63
31 64
31 67
31 70
31 71
31 74
31 76
31 80
31 81
31 82
31 84
31 91
31 96
31 99
32 33
32 34
32 40
32 44
32 46
32 47
32 48
32 50
32 53
32 54
32 55
32 57
32 58
32 59
32 61
32 63
32 64
32 65
32 67
32 69
32 73
32 75
32 76
32 80
32 82
32 87
32 88
32 90
32 91
32 92
32 93
32 94
32 98
33 34
33 38
33 39
33 40
33 41
33 44
33 45
33 46
33 52
33 53
33 56
33 57
33 59
33 62
33 64
33 65
33 66
33 68
33 70
33 72
33 76
33 83
33 84
33 88
33 90
33 93
33 94
33 95
33 97
34 36
34 39
34 46
34 47
34 48
34 51
34 54
34 55
34 58
34 60
34 65
34 68
34 69
34 70
34 72
34 73
34 75
34 76
34 78
34 79
34 80
34 81
34 84
34 85
34 87
34 95
35 37
35 40
35 42
35 43
35 46
35 50
35 54
35 55
35 57
35 59
35 60
35 61
35 63
35 64
35 65
35 70
35 71
35 72
35 77
35 78
35 79
35 80
35 83
35 85
35 86
35 88
35 91
35 92
35 93
35 99
36 37
36 39
36 40
36 45
36 51
36 53
36 54
36 55
36 57
36 58
36 59
36 62
36 65
36 66
36 67
36 71
36 72
36 73
36 76
36 80
36 83
36 85
36 88
36 90
36 95
36 97
37 40
37 41
37 42
37 43
37 45
37 46
37 50
37 51
37 53
37 55
37 58
37 61
37 64
37 65
37 68
37 70
37 74
37 75
37 78
37 83
37 84
37 86
37 88
37 89
37 91
37 93
38 39
38 41
38 43
38 47
38 49
38 51
38 53
38 54
38 55
38 58
38 60
38 61
38 63
38 64
38 65
38 67
38 68
38 69
38 70
38 71
38 74
38 76
38 87
38 88
38 90
38 94
38 95
38 97
39 41
39 42
39 44
39 45
39 46
39 47
39 49
39 50
39 53
39 56
39 59
39 60
39 62
39 63
39 69
39 71
39 78
39 80
39 81
39 85
39 89
39 90
39 92
39 94
39 99
40 42
40 43
40 44
40 45
40 47
40 49
40 50
40 55
40 57
40 58
40 61
40 62
40 63
40 65
40 69
40 74
40 78
40 80
40 84
40 86
40 94
40 95
40 99
41 42
41 43
41 44
41 46
41 47
41 48
41 49
41 50
41 51
41 52
41 58
41 60
41 62
41 63
41 67
41 68
41 71
41 73
41 76
41 79
41 80
41 92
41 96
41 99
42 43
42 48
42 49
42 50
42 55
42 56
42 59
42 63
42 65
42 67
42 69
42 71
42 76
42 78
42 81
42 82
42 83
42 85
42 87
42 96
42 99
43 45
43 46
43 47
43 50
43 52
43 54
43 55
43 58
43 61
43 62
43 69
43 76
43 77
43 79
43 80
43 81
43 82
43 89
43 92
43 94
43 95
43 96
43 98
44 45
44 47
44 48
44 50
44 58
44 62
44 63
44 65
44 67
44 68
44 69
44 73
44 74
44 75
44 76
44 77
44 78
44 79
44 85
44 88
44 92
44 94
45 47
45 48
45 50
45 51
45 52
45 56
45 58
45 64
45 65
45 71
45 73
45 75
45 77
45 79
45 83
45 84
45 85
45 86
45 89
45 90
45 91
45 93
45 99
46 48
46 51
46 54
46 55
46 56
46 60
46 64
46 66
46 69
46 70
46 75
46 80
46 82
46 86
46 90
46 91
46 94
46 95
46 96
46 97
47 48
47 51
47 52
47 55
47 57
47 58
47 59
47 74
47 75
47 77
47 79
47 83
47 85
47 86
47 89
47 90
47 97
48 55
48 62
48 65
48 66
48 69
48 70
48 74
48 75
48 78
48 81
48 87
48 90
48 91
48 92
48 94
48 95
48 96
49 50
49 51
49 52
49 56
49 59
49 60
49 62
49 64
49 68
49 69
49 70
49 73
49 74
49 77
49 84
49 85
49 86
49 87
49 88
49 90
49 92
49 95
49 97
49 99
50 53
50 57
50 58
50 60
50 61
50 62
50 67
50 68
50 70
50 74
50 77
50 80
50 84
50 90
50 96
51 52
51 53
51 59
51 65
51 66
51 73
51 76
51 77
51 80
51 82
51 83
51 84
51 85
51 86
51 87
51 90
51 91
51 92
51 94
52 55
52 58
52 62
52 63
52 64
52 65
52 66
52 69
52 70
52 72
52 73
52 75
52 77
52 84
52 85
52 86
52 88
52 90
52 91
52 94
52 95
52 98
52 99
53 55
53 60
53 61
53 62
53 64
53 65
53 67
53 68
53 69
53 72
53 73
53 77
53 82
53 86
53 89
53 93
53 95
53 97
53 98
54 55
54 56
54 57
54 58
54 60
54 62
54 68
54 69
54 73
54 76
54 77
54 78
54 80
54 81
54 84
54 86
54 87
54 92
54 94
54 96
55 56
55 57
55 58
55 61
55 62
55 63
55 68
55 74
55 75
55 79
55 81
55 82
55 85
55 87
55 93
55 96
55 98
55 99
56 57
56 59
56 60
56 61
56 62
56 63
56 66
56 68
56 71
56 79
56 80
56 81
56 84
56 85
56 87
56 90
56 93
56 95
56 96
56 97
56 98
57 60
57 61
57 62
57 63
57 64
57 66
57 69
57 72
57 73
57 75
57 85
57 88
57 90
57 91
57 94
57 95
57 96
57 97
57 98
57 99
58 59
58 62
58 73
58 78
58 80
58 81
58 83
58 88
58 92
58 95
58 96
58 99
59 60
59 61
59 62
59 64
59 68
59 73
59 74
59 75
59 78
59 80
59 81
59 82
59 84
59 85
59 86
59 87
59 90
59 93
60 61
60 67
60 72
60 75
60 79
60 80
60 84
60 85
60 86
60 89
60 93
60 94
60 97
60 99
61 63
61 64
61 66
61 67
61 69
61 71
61 74
61 75
61 76
61 77
61 78
61 80
61 81
61 84
61 88
61 91
61 95
61 98
61 99
62 63
62 70
62 74
62 76
62 77
62 82
62 85
62 88
62 89
62 90
62 92
62 95
62 96
62 97
63 67
63 68
63 69
63 70
63 82
63 83
63 85
63 86
63 87
63 92
63 94
63 95
63 96
64 65
64 72
64 76
64 77
64 78
64 79
64 82
64 86
64 88
64 92
64 96
64 97
64 99
65 66
65 70
65 72
65 74
65 75
65 76
65 77
65 81
65 86
65 87
65 91
65 99
66 68
66 72
66 73
66 79
66 81
66 82
66 83
66 85
66 86
66 87
66 89
66 94
66 96
66 97
66 98
67 68
67 73
67 74
67 76
67 77
67 80
67 81
67 83
67 86
67 87
67 88
67 91
67 93
67 95
67 96
67 97
67 98
68 71
68 72
68 74
68 75
68 77
68 79
68 81
68 83
68 86
68 93
69 72
69 74
69 75
69 76
69 81
69 82
69 83
69 86
69 89
69 90
69 91
69 92
69 97
70 74
70 77
70 78
70 81
70 83
70 86
70 89
70 92
70 93
70 94
70 99
71 73
71 74
71 77
71 78
71 80
71 82
71 85
71 87
71 88
71 89
71 90
71 91
71 93
71 94
71 99
72 73
72 75
72 81
72 84
72 88
72 93
72 96
72 99
73 75
73 76
73 81
73 82
73 83
73 88
73 89
73 91
73 92
73 97
74 75
74 78
74 79
74 81
74 90
74 91
74 93
74 96
74 99
75 79
75 83
75 89
75 91
75 93
75 96
75 97
75 98
75 99
76 77
76 83
76 86
76 88
76 89
76 90
76 92
76 93
76 95
76 96
76 98
76 99
77 83
77 84
77 85
77 87
77 90
77 93
77 94
78 79
78 80
78 81
78 82
78 86
78 89
78 95
78 98
78 99
79 80
79 86
79 87
79 88
79 89
79 90
79 91
79 93
79 94
79 96
79 98
79 99
80 84
80 85
80 86
80 90
80 93
80 98
81 82
81 84
81 85
81 87
81 97
81 98
81 99
82 83
82 86
82 87
82 88
82 89
82 90
82 93
82 98
83 84
83 87
83 88
83 91
83 92
83 95
83 96
83 98
84 86
84 88
84 90
84 91
84 92
84 94
84 97
84 98
85 88
85 90
85 95
85 96
85 98
86 89
86 91
86 93
87 88
87 89
87 90
87 91
87 92
87 93
87 96
87 97
87 98
87 99
88 93
88 94
88 98
88 99
89 92
89 93
89 94
89 97
89 99
90 93
90 95
90 97
91 92
91 96
91 98
92 97
92 98
93 96
93 97
93 98
94 95
94 96
94 97
95 97
95 98
96 98
96 99
98 99
