100 2100 0.42424242424242425 42 42
0 2
0 3
0 8
0 11
0 16
0 17
0 20
0 21
0 27
0 28
0 32
0 36
0 39
0 42
0 43
0 44
0 46
0 48
0 50
0 51
0 56
0 58
0 62
0 63
0 64
0 65
0 66
0 68
0 70
0 71
0 73
0 74
0 77
0 78
0 80
0 81
0 86
0 87
0 89
0 91
0 93
0 99
1 3
1 4
1 6
1 8
1 9
1 10
1 19
1 20
1 21
1 22
1 24
1 25
1 27
1 30
1 32
1 33
1 37
1 40
1 47
1 51
1 53
1 54
1 56
1 58
1 61
1 62
1 63
1 66
1 68
1 69
1 72
1 73
1 74
1 75
1 82
1 83
1 84
1 85
1 86
1 87
1 90
1 94
2 5
2 7
2 8
2 11
2 14
2 19
2 20
2 21
2 23
2 29
2 32
2 37
2 38
2 40
2 41
2 47
2 48
2 50
2 54
2 55
2 56
2 58
2 61
2 62
2 63
2 64
2 65
2 67
2 68
2 70
2 72
2 73
2 74
2 77
2 80
2 81
2 82
2 83
2 92
2 95
2 98
3 5
3 11
3 12
3 19
3 21
3 22
3 23
3 24
3 25
3 28
3 29
3 32
3 35
3 36
3 37
3 38
3 40
3 42
3 47
3 48
3 53
3 56
3 58
3 60
3 65
3 68
3 71
3 72
3 73
3 74
3 75
3 82
3 84
3 86
3 88
3 91
3 93
3 95
3 97
3 99
4 5
4 7
4 15
4 17
4 19
4 20
4 25
4 26
4 31
4 33
4 35
4 36
4 37
4 38
4 40
4 44
4 46
4 48
4 49
4 52
4 57
4 58
4 59
4 61
4 65
4 67
4 70
4 76
4 77
4 80
4 81
4 83
4 85
4 87
4 89
4 90
4 91
4 92
4 93
4 96
4 99
5 9
5 12
5 18
5 19
5 20
5 23
5 24
5 25
5 26
5 34
5 36
5 39
5 41
5 43
5 48
5 53
5 54
5 55
5 57
5 58
5 60
5 61
5 62
5 64
5 72
5 76
5 77
5 78
5 79
5 81
5 84
5 85
5 87
5 88
5 91
5 94
5 95
5 96
5 99
6 7
6 8
6 9
6 11
6 13
6 17
6 19
6 20
6 21
6 23
6 24
6 27
6 34
6 36
6 37
6 39
6 40
6 43
6 44
6 45
6 47
6 48
6 50
6 51
6 53
6 58
6 61
6 62
6 63
6 66
6 68
6 69
6 70
6 78
6 79
6 80
6 85
6 87
6 91
6 92
6 97
7 12
7 14
7 16
7 17
7 20
7 23
7 24
7 29
7 32
7 33
7 34
7 39
7 41
7 42
7 45
7 46
7 47
7 48
7 49
7 50
7 51
7 52
7 55
7 58
7 59
7 64
7 70
7 74
7 79
7 81
7 82
7 83
7 87
7 88
7 90
7 92
7 96
7 98
7 99
8 10
8 11
8 15
8 16
8 17
8 18
8 23
8 26
8 27
8 28
8 31
8 32
8 34
8 37
8 39
8 44
8 45
8 46
8 48
8 49
8 50
8 54
8 59
8 61
8 64
8 65
8 67
8 72
8 73
8 74
8 76
8 81
8 82
8 83
8 84
8 90
8 94
8 99
9 15
9 17
9 21
9 23
9 26
9 30
9 31
9 34
9 38
9 40
9 41
9 43
9 44
9 45
9 50
9 54
9 55
9 57
9 58
9 65
9 66
9 67
9 70
9 71
9 73
9 75
9 76
9 79
9 80
9 83
9 84
9 86
9 88
9 90
9 92
9 93
9 95
9 97
9 98
10 11
10 12
10 13
10 15
10 18
10 26
10 31
10 32
10 35
10 38
10 41
10 42
10 48
10 49
10 50
10 52
10 53
10 55
10 60
10 61
10 62
10 63
10 64
10 65
10 71
10 74
10 75
10 77
10 79
10 80
10 82
10 86
10 87
10 88
10 89
10 92
10 93
10 95
10 96
10 97
11 12
11 14
11 15
11 16
11 22
11 27
11 29
11 31
11 32
11 34
11 37
11 39
11 42
11 46
11 48
11 49
11 54
11 55
11 56
11 58
11 59
11 60
11 64
11 65
11 70
11 73
11 74
11 76
11 78
11 82
11 88
11 89
11 91
11 92
11 93
11 96
12 13
12 16
12 20
12 22
12 26
12 30
12 31
12 33
12 35
12 36
12 38
12 43
12 45
12 46
12 47
12 48
12 50
12 51
12 52
12 56
12 58
12 59
12 61
12 62
12 68
12 70
12 77
12 80
12 82
12 86
12 88
12 90
12 93
12 94
12 95
12 97
12 99
13 14
13 15
13 16
13 20
13 21
13 23
13 25
13 28
13 29
13 31
13 34
13 38
13 39
13 41
13 42
13 43
13 44
13 47
13 51
13 52
13 54
13 55
13 56
13 59
13 62
13 64
13 68
13 69
13 75
13 76
13 77
13 79
13 80
13 85
13 89
13 92
13 95
13 98
13 99
14 20
14 22
14 24
14 25
14 27
14 29
14 31
14 34
14 35
14 36
14 37
14 38
14 42
14 43
14 45
14 46
14 47
14 48
14 49
14 54
14 56
14 57
14 64
14 65
14 68
14 69
14 74
14 75
14 76
14 77
14 82
14 84
14 85
14 86
14 88
14 92
14 95
14 96
15 20
15 23
15 29
15 33
15 34
15 37
15 38
15 41
15 42
15 43
15 44
15 46
15 49
15 50
15 51
15 52
15 53
15 54
15 57
15 58
15 59
15 64
15 65
15 66
15 68
15 71
15 75
15 78
15 80
15 81
15 86
15 89
15 90
15 91
15 93
15 99
16 17
16 19
16 25
16 27
16 28
16 31
16 32
16 33
16 34
16 36
16 40
16 43
16 45
16 47
16 49
16 50
16 51
16 52
16 55
16 56
16 57
16 59
16 62
16 63
16 64
16 71
16 72
16 73
16 77
16 81
16 83
16 89
16 90
16 91
16 97
16 98
17 20
17 22
17 26
17 27
17 29
17 30
17 32
17 33
17 35
17 39
17 40
17 45
17 47
17 53
17 54
17 55
17 58
17 59
17 61
17 62
17 63
17 67
17 68
17 69
17 70
17 77
17 78
17 79
17 85
17 88
17 89
17 90
17 92
17 96
17 97
18 21
18 22
18 24
18 25
18 26
18 27
18 28
18 29
18 30
18 32
18 38
18 39
18 40
18 42
18 46
18 47
18 50
18 55
18 56
18 58
18 63
18 64
18 65
18 69
18 70
18 71
18 72
18 74
18 76
18 77
18 78
18 79
18 81
18 82
18 87
18 90
18 91
18 93
18 94
19 20
19 22
19 24
19 28
19 29
19 33
19 34
19 35
19 36
19 42
19 45
19 47
19 50
19 51
19 52
19 55
19 62
19 63
19 64
19 66
19 67
19 69
19 70
19 74
19 75
19 77
19 78
19 80
19 86
19 87
19 92
19 93
19 94
19 95
19 99
20 24
20 26
20 27
20 32
20 33
20 35
20 36
20 37
20 38
20 39
20 40
20 42
20 44
20 45
20 53
20 54
20 62
20 64
20 65
20 67
20 71
20 76
20 78
20 83
20 84
20 86
20 91
20 93
20 98
21 23
21 24
21 25
21 27
21 28
21 30
21 31
21 33
21 35
21 40
21 41
21 42
21 43
21 46
21 47
21 50
21 54
21 56
21 57
21 59
21 60
21 66
21 69
21 70
21 71
21 75
21 77
21 84
21 92
21 94
21 95
21 96
21 97
21 98
22 26
22 29
22 32
22 33
22 34
22 37
22 38
22 39
22 41
22 42
22 44
22 45
22 46
22 51
22 53
22 54
22 56
22 59
22 61
22 69
22 70
22 71
22 74
22 75
22 77
22 78
22 81
22 83
22 85
22 89
22 90
22 91
22 94
22 99
23 24
23 27
23 28
23 29
23 35
23 36
23 37
23 39
23 41
23 45
23 49
23 53
23 55
23 56
23 57
23 58
23 60
23 71
23 72
23 73
23 75
23 76
23 77
23 78
23 79
23 80
23 81
23 82
23 84
23 87
23 89
23 90
24 30
24 32
24 35
24 36
24 38
24 43
24 48
24 52
24 54
24 57
24 58
24 59
24 63
24 65
24 66
24 70
24 71
24 74
24 77
24 78
24 81
24 84
24 89
24 90
24 92
24 93
24 94
24 95
24 97
24 98
24 99
25 26
25 28
25 31
25 33
25 36
25 37
25 38
25 42
25 43
25 46
25 49
25 50
25 51
25 57
25 60
25 61
25 64
25 66
25 67
25 70
25 73
25 76
25 78
25 81
25 84
25 86
25 87
25 88
25 89
25 92
25 94
25 95
25 99
26 27
26 28
26 30
26 31
26 33
26 34
26 35
26 37
26 39
26 44
26 45
26 46
26 47
26 50
26 52
26 53
26 55
26 60
26 65
26 66
26 67
26 68
26 69
26 72
26 77
26 79
26 81
26 94
26 95
26 96
26 99
27 31
27 33
27 36
27 37
27 47
27 49
27 54
27 55
27 59
27 61
27 68
27 70
27 72
27 74
27 75
27 76
27 77
27 79
27 80
27 81
27 83
27 84
27 85
27 87
27 91
27 93
27 96
27 97
27 98
28 30
28 32
28 35
28 37
28 44
28 48
28 50
28 51
28 53
28 54
28 56
28 59
28 62
28 63
28 64
28 65
28 66
28 69
28 72
28 78
28 79
28 80
28 81
28 84
28 85
28 86
28 91
28 94
28 96
28 98
28 99
29 35
29 39
29 46
29 51
29 53
29 56
29 57
29 59
29 60
29 61
29 63
29 65
29 67
29 68
29 73
29 75
29 76
29 77
29 79
29 81
29 82
29 85
29 86
29 87
29 88
29 89
29 91
29 94
29 97
29 99
30 31
30 33
30 34
30 39
30 41
30 47
30 48
30 49
30 52
30 54
30 56
30 59
30 65
30 68
30 70
30 71
30 72
30 73
30 74
30 75
30 76
30 77
30 78
30 79
30 80
30 81
30 82
30 84
30 86
30 87
30 89
30 95
30 99
31 33
31 35
31 39
31 41
31 43
31 45
31 47
31 50
31 51
31 52
31 53
31 57
31 58
31 59
31 62
31 63
31 65
31 71
31 72
31 73
31 79
31 83
31 84
31 87
31 91
31 93
31 94
31 95
32 33
32 36
32 42
32 43
32 46
32 47
32 57
32 58
32 59
32 62
32 66
32 67
32 68
32 70
32 72
32 73
32 74
32 75
32 78
32 81
32 83
32 84
32 86
32 91
32 95
32 97
32 98
33 35
33 38
33 41
33 42
33 44
33 46
33 47
33 49
33 51
33 52
33 55
33 62
33 67
33 69
33 70
33 72
33 76
33 79
33 81
33 84
33 85
33 86
33 89
33 93
33 98
34 41
34 43
34 46
34 48
34 49
34 51
34 52
34 54
34 57
34 58
34 61
34 62
34 64
34 66
34 69
34 74
34 76
34 78
34 79
34 83
34 84
34 88
34 89
34 93
34 94
34 95
34 96
34 97
35 39
35 40
35 44
35 45
35 46
35 48
35 49
35 50
35 51
35 53
35 54
35 55
35 57
35 61
35 68
35 71
35 73
35 75
35 82
35 87
35 88
35 89
35 90
35 96
35 97
35 98
36 37
36 41
36 43
36 44
36 45
36 48
36 52
36 53
36 57
36 59
36 64
36 65
36 66
36 69
36 70
36 71
36 72
36 74
36 78
36 80
36 81
36 82
36 85
36 94
36 96
36 97
36 99
37 38
37 39
37 40
37 43
37 45
37 48
37 49
37 50
37 55
37 57
37 59
37 60
37 63
37 64
37 65
37 66
37 67
37 68
37 73
37 76
37 79
37 80
37 94
37 96
37 98
38 44
38 48
38 51
38 57
38 58
38 59
38 61
38 62
38 63
38 65
38 69
38 70
38 73
38 76
38 79
38 80
38 81
38 85
38 87
38 88
38 89
38 92
38 93
38 95
38 96
38 97
39 40
39 44
39 48
39 50
39 52
39 53
39 56
39 57
39 58
39 62
39 64
39 66
39 67
39 70
39 71
39 74
39 75
39 76
39 82
39 84
39 85
39 89
39 91
39 96
40 44
40 47
40 48
40 50
40 51
40 52
40 53
40 56
40 58
40 60
40 61
40 62
40 63
40 67
40 68
40 69
40 72
40 75
40 76
40 77
40 80
40 82
40 84
40 90
40 91
40 92
40 95
40 98
41 46
41 48
41 49
41 51
41 52
41 63
41 66
41 68
41 69
41 71
41 72
41 74
41 76
41 78
41 80
41 82
41 83
41 84
41 85
41 86
41 87
41 90
41 92
41 93
41 94
41 97
41 99
42 45
42 46
42 52
42 55
42 57
42 59
42 60
42 61
42 63
42 65
42 69
42 71
42 73
42 74
42 78
42 79
42 80
42 82
42 83
42 84
42 85
42 89
42 90
42 91
42 92
42 97
43 46
43 47
43 48
43 49
43 53
43 55
43 57
43 60
43 62
43 64
43 67
43 69
43 70
43 71
43 72
43 77
43 78
43 82
43 85
43 87
43 88
43 89
43 93
43 94
43 98
44 49
44 56
44 58
44 63
44 65
44 66
44 67
44 68
44 74
44 76
44 78
44 79
44 81
44 82
44 83
44 84
44 85
44 86
44 90
44 91
44 93
44 94
44 96
44 97
44 99
45 51
45 52
45 53
45 54
45 55
45 56
45 57
45 60
45 61
45 64
45 65
45 66
45 69
45 72
45 80
45 82
45 84
45 87
45 88
45 90
45 91
45 92
45 94
45 95
46 50
46 52
46 53
46 54
46 62
46 65
46 66
46 67
46 69
46 70
46 71
46 73
46 74
46 75
46 77
46 78
46 80
46 83
46 90
46 95
46 96
47 49
47 50
47 51
47 57
47 58
47 60
47 62
47 63
47 66
47 67
47 68
47 69
47 72
47 76
47 79
47 85
47 87
47 91
47 95
47 97
47 99
48 52
48 55
48 57
48 59
48 61
48 63
48 64
48 66
48 67
48 71
48 72
48 74
48 76
48 81
48 84
48 89
48 90
48 95
49 50
49 52
49 53
49 54
49 55
49 57
49 61
49 62
49 63
49 68
49 69
49 73
49 75
49 77
49 78
49 87
49 88
49 91
49 94
49 95
49 98
49 99
50 52
50 53
50 61
50 62
50 64
50 68
50 70
50 72
50 81
50 82
50 83
50 86
50 88
50 90
50 92
50 96
50 97
50 99
51 52
51 53
51 54
51 60
51 61
51 69
51 72
51 75
51 78
51 80
51 81
51 85
51 86
51 90
51 92
51 93
51 94
51 95
51 98
51 99
52 53
52 55
52 56
52 60
52 66
52 67
52 68
52 72
52 73
52 77
52 82
52 83
52 85
52 89
52 91
52 96
52 98
53 54
53 55
53 56
53 59
53 66
53 72
53 74
53 75
53 81
53 82
53 83
53 86
53 89
53 90
53 92
53 93
53 96
54 56
54 59
54 65
54 66
54 69
54 70
54 71
54 75
54 78
54 80
54 83
54 85
54 86
54 88
54 91
54 92
54 94
54 97
55 60
55 61
55 63
55 66
55 67
55 68
55 73
55 74
55 79
55 82
55 84
55 85
55 89
55 92
55 93
55 94
55 97
55 99
56 57
56 58
56 60
56 64
56 65
56 67
56 68
56 71
56 73
56 75
56 76
56 78
56 83
56 85
56 88
56 91
56 94
56 96
56 99
57 63
57 64
57 65
57 69
57 71
57 72
57 76
57 85
57 88
57 89
57 90
57 91
57 92
57 93
57 95
57 99
58 59
58 60
58 61
58 62
58 65
58 67
58 73
58 74
58 75
58 76
58 81
58 83
58 90
58 94
58 95
58 96
58 99
59 60
59 63
59 65
59 66
59 67
59 70
59 71
59 75
59 77
59 78
59 83
59 86
59 87
59 88
59 93
59 96
60 63
60 64
60 66
60 67
60 68
60 69
60 70
60 73
60 75
60 77
60 78
60 81
60 83
60 85
60 87
60 88
60 89
60 92
60 93
60 95
60 99
61 68
61 69
61 70
61 71
61 73
61 79
61 81
61 84
61 85
61 88
61 90
61 92
61 93
61 94
61 96
61 97
61 98
62 63
62 67
62 70
62 73
62 74
62 76
62 77
62 78
62 80
62 82
62 83
62 84
62 86
62 87
62 94
62 96
63 64
63 65
63 68
63 71
63 72
63 74
63 76
63 78
63 80
63 83
63 86
63 89
63 90
63 96
63 98
64 65
64 67
64 70
64 75
64 78
64 79
64 83
64 84
64 86
64 88
64 92
64 93
64 95
64 98
65 67
65 72
65 78
65 79
65 87
65 88
65 91
65 93
65 98
65 99
66 67
66 68
66 72
66 76
66 77
66 80
66 81
66 83
66 84
66 86
66 88
66 91
66 97
66 98
67 70
67 80
67 81
67 82
67 83
67 85
67 86
67 89
67 90
67 92
67 93
67 97
68 70
68 72
68 74
68 77
68 78
68 79
68 81
68 87
68 89
68 90
68 92
68 98
69 70
69 73
69 78
69 80
69 81
69 83
69 85
69 87
69 88
69 90
69 92
69 95
69 96
69 97
70 74
70 75
70 76
70 79
70 82
70 94
70 98
70 99
71 72
71 74
71 75
71 76
71 77
71 81
71 83
71 91
71 92
71 93
71 94
71 95
71 97
71 98
72 73
72 79
72 82
72 85
72 86
72 90
72 91
72 92
72 94
72 98
73 77
73 79
73 80
73 82
73 84
73 85
73 87
73 91
73 93
73 94
73 95
73 96
73 98
74 76
74 80
74 83
74 84
74 86
74 88
74 89
74 90
74 91
74 94
75 79
75 85
75 86
75 87
75 88
75 91
75 93
75 94
75 96
75 97
75 98
75 99
76 79
76 80
76 86
76 87
76 88
76 90
76 92
76 97
76 98
77 80
77 82
77 83
77 85
77 87
77 90
77 92
77 97
77 98
77 99
78 80
78 87
78 91
78 92
78 94
78 96
78 98
79 80
79 81
79 82
79 84
79 86
79 88
79 89
79 92
79 96
79 97
80 81
80 83
80 86
80 89
80 90
80 93
80 96
81 84
81 90
81 93
81 97
81 98
82 83
82 84
82 85
82 86
82 87
82 89
82 91
82 93
82 99
83 88
83 94
83 95
83 96
83 97
83 99
84 85
84 87
84 89
84 92
84 95
84 97
84 98
85 86
85 88
85 91
85 94
85 95
85 97
86 88
86 90
86 91
86 93
86 98
86 99
87 88
87 89
87 91
87 93
87 95
87 96
87 98
88 89
88 90
88 92
88 95
88 96
88 97
89 91
89 93
89 94
89 97
89 99
90 94
90 98
90 99
91 93
91 94
92 97
92 98
92 99
93 95
93 96
94 98
95 96
95 97
95 98
95 99
96 97
96 98
96 99
97 99
