100 2150 0.43434343434343436 43 43
0 1
0 6
0 11
0 12
0 14
0 16
0 17
0 18
0 22
0 23
0 25
0 27
0 30
0 32
0 34
0 35
0 37
0 38
0 39
0 42
0 46
0 47
0 48
0 51
0 53
0 56
0 57
0 60
0 66
0 71
0 72
0 74
0 75
0 76
0 79
0 81
0 82
0 88
0 89
0 91
0 95
0 98
0 99
1 5
1 8
1 12
1 13
1 14
1 18
1 21
1 22
1 26
1 27
1 28
1 30
1 36
1 40
1 41
1 43
1 46
1 47
1 48
1 50
1 52
1 53
1 55
1 62
1 64
1 65
1 66
1 67
1 68
1 69
1 73
1 75
1 76
1 77
1 80
1 85
1 87
1 88
1 90
1 91
1 93
1 98
2 5
2 9
2 10
2 11
2 12
2 13
2 21
2 23
2 24
2 31
2 32
2 33
2 36
2 37
2 38
2 40
2 41
2 44
2 45
2 47
2 48
2 49
2 51
2 57
2 58
2 60
2 62
2 64
2 65
2 68
2 69
2 70
2 71
2 72
2 73
2 74
2 77
2 78
2 79
2 88
2 89
2 93
2 96
3 4
3 10
3 15
3 17
3 21
3 24
3 25
3 27
3 33
3 34
3 35
3 36
3 37
3 44
3 45
3 47
3 49
3 50
3 51
3 53
3 54
3 55
3 57
3 58
3 59
3 60
3 63
3 64
3 65
3 68
3 69
3 72
3 73
3 77
3 79
3 80
3 82
3 83
3 85
3 88
3 89
3 92
3 99
4 8
4 9
4 10
4 11
4 12
4 16
4 21
4 22
4 23
4 26
4 27
4 28
4 31
4 32
4 33
4 38
4 39
4 40
4 42
4 43
4 44
4 46
4 48
4 50
4 58
4 60
4 63
4 64
4 66
4 68
4 69
4 71
4 77
4 78
4 79
4 81
4 84
4 85
4 89
4 93
4 96
4 97
5 6
5 11
5 14
5 15
5 18
5 20
5 21
5 23
5 26
5 27
5 34
5 36
5 41
5 42
5 43
5 44
5 46
5 47
5 50
5 53
5 58
5 60
5 61
5 64
5 66
5 69
5 70
5 72
5 73
5 74
5 75
5 80
5 86
5 87
5 88
5 89
5 90
5 92
5 95
5 96
5 98
6 10
6 11
6 13
6 18
6 19
6 23
6 25
6 26
6 28
6 30
6 31
6 32
6 33
6 34
6 35
6 37
6 38
6 43
6 44
6 48
6 50
6 55
6 56
6 59
6 66
6 67
6 68
6 69
6 70
6 73
6 74
6 75
6 79
6 80
6 83
6 84
6 86
6 88
6 91
6 95
6 99
7 8
7 13
7 14
7 16
7 17
7 19
7 21
7 27
7 28
7 30
7 32
7 33
7 38
7 39
7 41
7 42
7 43
7 49
7 50
7 54
7 56
7 59
7 60
7 63
7 64
7 66
7 67
7 68
7 69
7 70
7 71
7 72
7 73
7 74
7 75
7 79
7 82
7 83
7 90
7 92
7 93
7 94
7 99
8 9
8 10
8 12
8 14
8 17
8 19
8 20
8 22
8 24
8 26
8 27
8 29
8 31
8 38
8 40
8 45
8 48
8 49
8 50
8 51
8 53
8 55
8 57
8 58
8 61
8 62
8 63
8 68
8 69
8 70
8 72
8 74
8 76
8 78
8 80
8 82
8 85
8 92
8 94
8 96
9 12
9 13
9 14
9 17
9 18
9 20
9 21
9 22
9 24
9 33
9 34
9 37
9 40
9 48
9 52
9 54
9 56
9 57
9 58
9 59
9 60
9 61
9 63
9 67
9 71
9 73
9 74
9 77
9 78
9 81
9 83
9 85
9 87
9 88
9 89
9 92
9 93
9 94
9 96
9 98
10 12
10 14
10 15
10 16
10 18
10 25
10 27
10 31
10 35
10 36
10 39
10 44
10 45
10 46
10 47
10 50
10 52
10 55
10 57
10 60
10 62
10 63
10 64
10 73
10 74
10 75
10 81
10 83
10 85
10 86
10 88
10 90
10 92
10 95
10 96
10 97
10 98
10 99
11 12
11 13
11 15
11 16
11 20
11 21
11 22
11 26
11 28
11 31
11 32
11 33
11 34
11 39
11 40
11 41
11 42
11 44
11 46
11 51
11 52
11 53
11 63
11 65
11 68
11 70
11 71
11 73
11 75
11 77
11 78
11 81
11 82
11 85
11 86
11 89
11 92
11 94
12 13
12 14
12 15
12 16
12 17
12 18
12 24
12 26
12 27
12 29
12 30
12 32
12 38
12 39
12 41
12 46
12 50
12 55
12 58
12 61
12 62
12 63
12 67
12 69
12 70
12 71
12 73
12 74
12 77
12 80
12 82
12 86
12 88
12 98
12 99
13 15
13 16
13 18
13 22
13 23
13 28
13 29
13 32
13 37
13 41
13 42
13 43
13 45
13 53
13 54
13 55
13 59
13 60
13 61
13 65
13 67
13 68
13 70
13 71
13 74
13 75
13 76
13 77
13 78
13 81
13 86
13 89
13 91
13 92
13 94
13 98
14 19
14 20
14 21
14 22
14 24
14 27
14 30
14 34
14 39
14 41
14 43
14 44
14 46
14 48
14 49
14 52
14 53
14 54
14 56
14 58
14 59
14 60
14 67
14 69
14 70
14 73
14 76
14 81
14 83
14 84
14 87
14 90
14 91
14 92
14 99
15 16
15 17
15 18
15 19
15 20
15 23
15 24
15 26
15 27
15 32
15 33
15 36
15 37
15 41
15 45
15 49
15 50
15 51
15 56
15 58
15 59
15 62
15 63
15 72
15 73
15 74
15 75
15 77
15 78
15 80
15 82
15 86
15 91
15 95
15 96
15 97
15 98
16 20
16 21
16 23
16 24
16 25
16 28
16 30
16 31
16 32
16 36
16 37
16 38
16 41
16 42
16 44
16 45
16 46
16 54
16 55
16 57
16 58
16 59
16 60
16 61
16 66
16 77
16 79
16 80
16 83
16 86
16 87
16 90
16 94
16 96
16 99
17 19
17 20
17 21
17 25
17 27
17 28
17 29
17 30
17 32
17 34
17 36
17 38
17 41
17 48
17 49
17 55
17 59
17 60
17 62
17 63
17 64
17 66
17 71
17 75
17 76
17 77
17 78
17 82
17 85
17 86
17 90
17 93
17 94
17 96
17 97
17 98
18 19
18 20
18 22
18 23
18 24
18 27
18 30
18 31
18 35
18 36
18 40
18 46
18 47
18 48
18 49
18 52
18 53
18 54
18 55
18 62
18 63
18 66
18 67
18 70
18 77
18 81
18 82
18 83
18 87
18 90
18 91
18 97
18 98
18 99
19 22
19 23
19 28
19 29
19 30
19 31
19 33
19 34
19 35
19 43
19 44
19 46
19 49
19 50
19 52
19 55
19 56
19 59
19 63
19 65
19 67
19 68
19 70
19 71
19 72
19 75
19 77
19 78
19 79
19 85
19 87
19 90
19 93
19 95
19 96
19 98
20 23
20 24
20 29
20 31
20 32
20 38
20 40
20 47
20 48
20 49
20 52
20 53
20 55
20 58
20 61
20 63
20 64
20 66
20 67
20 68
20 73
20 75
20 76
20 78
20 79
20 81
20 84
20 85
20 87
20 89
20 91
20 92
20 94
20 95
21 23
21 24
21 25
21 26
21 29
21 31
21 33
21 34
21 39
21 40
21 44
21 45
21 48
21 53
21 59
21 60
21 61
21 62
21 64
21 72
21 75
21 77
21 81
21 84
21 85
21 90
21 93
21 95
21 96
21 97
21 98
21 99
22 24
22 25
22 28
22 30
22 31
22 32
22 33
22 35
22 36
22 38
22 39
22 46
22 48
22 49
22 51
22 52
22 53
22 54
22 61
22 64
22 70
22 72
22 73
22 77
22 79
22 80
22 82
22 84
22 85
22 86
22 90
22 95
22 97
23 24
23 30
23 31
23 32
23 33
23 35
23 36
23 37
23 38
23 40
23 41
23 44
23 48
23 49
23 55
23 57
23 61
23 62
23 64
23 65
23 67
23 68
23 70
23 72
23 73
23 76
23 78
23 81
23 82
23 87
23 95
24 25
24 26
24 27
24 31
24 32
24 35
24 39
24 44
24 45
24 46
24 50
24 51
24 56
24 57
24 59
24 62
24 64
24 68
24 73
24 74
24 76
24 82
24 89
24 91
24 92
24 94
24 95
24 96
24 97
24 98
25 26
25 27
25 28
25 30
25 31
25 32
25 35
25 37
25 38
25 39
25 41
25 42
25 45
25 47
25 50
25 55
25 56
25 57
25 58
25 59
25 61
25 65
25 67
25 71
25 73
25 76
25 81
25 82
25 83
25 89
25 92
25 93
25 95
25 96
26 30
26 33
26 34
26 35
26 38
26 39
26 40
26 41
26 44
26 45
26 46
26 50
26 51
26 53
26 59
26 63
26 67
26 68
26 70
26 73
26 76
26 80
26 85
26 86
26 89
26 90
26 91
26 93
26 94
26 96
26 98
26 99
27 30
27 32
27 34
27 35
27 44
27 46
27 47
27 48
27 50
27 51
27 54
27 57
27 58
27 59
27 61
27 63
27 64
27 67
27 74
27 77
27 78
27 79
27 80
27 82
27 87
27 94
27 95
27 97
28 32
28 35
28 37
28 39
28 40
28 42
28 44
28 45
28 47
28 48
28 49
28 51
28 53
28 57
28 59
28 65
28 66
28 67
28 71
28 74
28 75
28 79
28 81
28 82
28 83
28 84
28 87
28 91
28 92
28 93
28 95
28 97
29 30
29 35
29 36
29 38
29 39
29 40
29 42
29 43
29 44
29 45
29 47
29 48
29 53
29 56
29 58
29 59
29 60
29 63
29 65
29 66
29 67
29 70
29 72
29 74
29 75
29 76
29 78
29 79
29 82
29 85
29 88
29 90
29 92
29 93
29 94
29 99
30 35
30 38
30 40
30 42
30 45
30 46
30 49
30 52
30 58
30 65
30 66
30 69
30 70
30 71
30 72
30 73
30 75
30 77
30 79
30 83
30 87
30 88
30 89
30 91
30 92
30 93
30 95
31 34
31 37
31 40
31 41
31 42
31 44
31 45
31 46
31 48
31 52
31 53
31 54
31 55
31 56
31 60
31 65
31 66
31 75
31 77
31 79
31 85
31 89
31 92
31 93
31 94
31 96
31 97
31 99
32 36
32 40
32 43
32 44
32 48
32 49
32 50
32 55
32 56
32 57
32 58
32 61
32 62
32 63
32 71
32 72
32 78
32 80
32 84
32 87
32 88
32 90
32 95
32 96
32 97
33 36
33 37
33 42
33 48
33 53
33 54
33 55
33 57
33 58
33 61
33 63
33 65
33 66
33 68
33 69
33 70
33 75
33 76
33 77
33 78
33 79
33 82
33 83
33 85
33 86
33 87
33 88
33 96
33 97
33 99
34 35
34 37
34 38
34 39
34 41
34 42
34 47
34 50
34 52
34 54
34 57
34 60
34 61
34 65
34 67
34 68
34 71
34 76
34 78
34 79
34 81
34 82
34 83
34 84
34 87
34 88
34 92
34 96
34 97
34 99
35 37
35 38
35 45
35 47
35 49
35 50
35 51
35 52
35 54
35 56
35 57
35 63
35 66
35 69
35 72
35 74
35 75
35 76
35 79
35 81
35 82
35 83
35 90
35 92
35 94
35 96
35 97
36 37
36 41
36 45
36 46
36 47
36 48
36 49
36 51
36 52
36 54
36 57
36 58
36 60
36 61
36 64
36 65
36 67
36 69
36 71
36 72
36 75
36 80
36 83
36 84
36 92
36 93
36 95
36 98
36 99
37 38
37 42
37 44
37 45
37 49
37 51
37 56
37 59
37 64
37 65
37 66
37 68
37 70
37 74
37 75
37 76
37 79
37 80
37 84
37 85
37 87
37 88
37 90
37 96
37 97
37 98
37 99
38 40
38 43
38 45
38 50
38 51
38 52
38 54
38 60
38 61
38 62
38 67
38 69
38 70
38 71
38 73
38 77
38 78
38 81
38 83
38 84
38 85
38 89
38 90
38 99
39 40
39 46
39 51
39 53
39 54
39 57
39 62
39 64
39 65
39 66
39 67
39 68
39 69
39 70
39 71
39 76
39 77
39 78
39 79
39 80
39 82
39 83
39 87
39 89
39 93
39 96
39 97
39 99
40 43
40 47
40 48
40 50
40 53
40 54
40 55
40 56
40 57
40 58
40 61
40 63
40 66
40 69
40 70
40 73
40 74
40 79
40 84
40 85
40 86
40 87
40 91
40 93
40 98
41 44
41 46
41 48
41 50
41 51
41 54
41 57
41 58
41 59
41 65
41 67
41 69
41 71
41 72
41 73
41 76
41 82
41 86
41 87
41 89
41 91
41 92
41 94
41 95
41 97
41 98
42 43
42 50
42 51
42 52
42 55
42 56
42 59
42 62
42 63
42 64
42 68
42 69
42 72
42 73
42 74
42 76
42 77
42 78
42 80
42 81
42 83
42 84
42 86
42 89
42 92
42 93
42 94
42 96
43 44
43 47
43 51
43 52
43 54
43 56
43 59
43 60
43 66
43 67
43 68
43 69
43 71
43 72
43 74
43 78
43 79
43 84
43 86
43 87
43 88
43 89
43 90
43 91
43 94
43 95
43 96
43 97
43 98
43 99
44 45
44 47
44 49
44 55
44 56
44 57
44 62
44 66
44 68
44 71
44 72
44 80
44 81
44 83
44 85
44 88
44 89
44 90
44 91
44 95
44 99
45 46
45 48
45 54
45 55
45 57
45 59
45 62
45 64
45 65
45 66
45 72
45 74
45 75
45 76
45 82
45 83
45 84
45 88
45 89
45 91
45 92
45 94
45 96
46 48
46 49
46 54
46 62
46 65
46 71
46 72
46 76
46 77
46 78
46 80
46 81
46 84
46 85
46 88
46 90
46 91
46 93
46 94
46 95
46 96
46 99
47 49
47 50
47 56
47 57
47 61
47 62
47 65
47 66
47 67
47 68
47 70
47 73
47 76
47 78
47 79
47 80
47 81
47 86
47 88
47 89
47 90
47 91
47 94
47 97
47 98
48 55
48 56
48 60
48 61
48 62
48 65
48 67
48 68
48 71
48 72
48 73
48 75
48 77
48 79
48 82
48 92
48 97
48 98
49 50
49 52
49 53
49 54
49 61
49 63
49 65
49 68
49 72
49 73
49 76
49 79
49 81
49 86
49 87
49 88
49 90
49 92
49 93
49 95
49 98
49 99
50 51
50 53
50 55
50 56
50 59
50 63
50 64
50 70
50 72
50 73
50 74
50 76
50 77
50 79
50 80
50 88
50 91
50 94
50 96
51 54
51 59
51 60
51 62
51 63
51 65
51 67
51 68
51 69
51 70
51 76
51 78
51 81
51 82
51 83
51 84
51 88
51 89
51 90
51 92
51 93
51 96
51 98
52 55
52 56
52 57
52 61
52 62
52 63
52 64
52 69
52 70
52 72
52 73
52 76
52 77
52 79
52 80
52 83
52 86
52 87
52 88
52 89
52 92
52 93
52 94
52 96
52 99
53 54
53 55
53 60
53 63
53 64
53 67
53 68
53 70
53 72
53 74
53 78
53 80
53 81
53 82
53 84
53 90
53 92
53 94
53 95
53 96
53 97
53 98
54 55
54 56
54 59
54 61
54 63
54 65
54 66
54 67
54 69
54 74
54 77
54 78
54 79
54 81
54 85
54 86
54 88
54 91
54 94
55 57
55 58
55 63
55 64
55 66
55 68
55 69
55 71
55 73
55 74
55 81
55 83
55 84
55 88
55 90
55 94
55 97
56 60
56 61
56 62
56 65
56 66
56 68
56 70
56 72
56 75
56 76
56 77
56 79
56 80
56 81
56 86
56 87
56 88
56 91
56 93
56 95
57 60
57 62
57 65
57 66
57 71
57 72
57 74
57 75
57 78
57 82
57 87
57 88
57 91
57 93
57 94
57 96
57 97
57 99
58 61
58 63
58 64
58 69
58 70
58 71
58 73
58 75
58 76
58 77
58 81
58 83
58 85
58 86
58 87
58 88
58 89
58 92
58 93
58 97
58 98
58 99
59 61
59 64
59 70
59 73
59 76
59 77
59 81
59 82
59 83
59 84
59 85
59 88
59 90
59 91
59 92
59 93
59 94
59 95
60 62
60 63
60 64
60 67
60 68
60 72
60 76
60 80
60 82
60 83
60 84
60 85
60 89
60 90
60 91
60 93
60 97
60 98
60 99
61 62
61 64
61 66
61 69
61 74
61 75
61 77
61 79
61 80
61 81
61 82
61 83
61 84
61 87
61 89
61 91
61 99
62 63
62 64
62 65
62 68
62 69
62 70
62 71
62 72
62 74
62 78
62 82
62 83
62 84
62 92
62 93
62 95
62 97
63 66
63 68
63 74
63 76
63 80
63 82
63 84
63 85
63 88
63 90
63 92
63 97
64 67
64 68
64 73
64 77
64 82
64 83
64 84
64 86
64 87
64 89
64 94
64 95
64 96
64 97
64 98
65 67
65 69
65 70
65 71
65 72
65 79
65 81
65 84
65 86
65 87
65 89
65 91
65 92
65 98
65 99
66 67
66 70
66 71
66 73
66 76
66 80
66 81
66 87
66 90
66 91
66 93
66 95
66 96
66 97
67 72
67 76
67 78
67 80
67 81
67 82
67 85
67 88
67 89
67 90
67 98
67 99
68 70
68 77
68 79
68 80
68 83
68 84
68 85
68 86
68 87
68 97
68 99
69 73
69 74
69 76
69 78
69 79
69 80
69 83
69 84
69 87
69 88
69 89
69 92
69 93
69 95
69 98
70 75
70 79
70 84
70 88
70 89
70 94
70 95
70 96
70 97
70 98
71 74
71 75
71 79
71 82
71 84
71 85
71 86
71 87
71 89
71 91
71 92
71 93
71 98
71 99
72 75
72 76
72 82
72 84
72 86
72 87
72 89
72 91
72 95
72 97
73 79
73 82
73 84
73 85
73 88
73 89
73 91
73 93
73 95
74 75
74 78
74 80
74 81
74 86
74 87
74 90
74 91
74 92
74 93
74 95
74 98
75 76
75 78
75 81
75 83
75 85
75 86
75 87
75 93
75 94
75 95
75 97
75 98
76 88
76 90
76 91
76 94
76 95
76 96
76 98
77 78
77 79
77 81
77 85
77 88
77 90
77 91
77 94
77 95
77 96
78 80
78 81
78 83
78 84
78 85
78 88
78 90
78 92
78 96
78 98
78 99
79 84
79 88
79 89
79 92
79 95
79 96
80 81
80 83
80 85
80 86
80 87
80 90
80 92
80 94
80 96
80 97
80 99
81 83
81 84
81 85
81 86
81 90
81 96
82 85
82 86
82 87
82 88
82 89
82 94
82 99
83 84
83 87
83 89
83 90
83 93
83 95
83 98
83 99
84 86
84 91
84 94
84 97
84 98
84 99
85 86
85 87
85 89
85 92
85 93
85 96
85 97
86 89
86 90
86 91
86 92
86 94
86 96
86 97
86 98
86 99
87 91
87 93
87 94
87 99
88 91
88 95
88 97
89 91
89 94
89 99
90 91
90 92
90 93
90 97
90 98
91 93
91 94
91 95
92 94
92 98
93 94
93 95
93 96
93 98
94 97
94 99
95 97
95 99
96 99
97 98
