100 2200 0.4444444444444444 44 44
0 2
0 6
0 9
0 12
0 14
0 16
0 18
0 20
0 21
0 24
0 27
0 28
0 29
0 31
0 39
0 42
0 45
0 48
0 50
0 52
0 53
0 54
0 56
0 57
0 59
0 60
0 61
0 62
0 63
0 65
0 66
0 68
0 69
0 71
0 73
0 74
0 84
0 86
0 88
0 89
0 90
0 91
0 94
0 95
1 3
1 10
1 12
1 18
1 19
1 20
1 21
1 23
1 26
1 33
1 35
1 41
1 42
1 44
1 45
1 46
1 47
1 50
1 52
1 54
1 55
1 56
1 57
1 58
1 60
1 62
1 64
1 66
1 69
1 70
1 71
1 72
1 75
1 78
1 80
1 81
1 85
1 86
1 88
1 89
1 90
1 94
1 95
1 98
2 4
2 5
2 6
2 7
2 8
2 9
2 10
2 13
2 14
2 22
2 23
2 24
2 25
2 29
2 30
2 31
2 33
2 34
2 35
2 38
2 40
2 45
2 47
2 51
2 58
2 60
2 62
2 63
2 65
2 69
2 70
2 77
2 79
2 80
2 86
2 89
2 90
2 91
2 93
2 94
2 95
2 97
2 98
3 5
3 6
3 9
3 11
3 12
3 15
3 16
3 19
3 24
3 25
3 27
3 29
3 30
3 31
3 35
3 36
3 37
3 38
3 39
3 43
3 44
3 49
3 50
3 51
3 53
3 54
3 60
3 61
3 62
3 63
3 66
3 68
3 73
3 74
3 76
3 78
3 82
3 83
3 87
3 96
3 97
3 98
3 99
4 5
4 6
4 7
4 8
4 10
4 11
4 16
4 17
4 20
4 21
4 23
4 24
4 25
4 26
4 30
4 35
4 36
4 37
4 41
4 42
4 45
4 46
4 53
4 58
4 59
4 60
4 61
4 62
4 66
4 67
4 74
4 76
4 77
4 81
4 82
4 86
4 87
4 90
4 91
4 93
4 94
4 95
4 96
5 8
5 11
5 12
5 13
5 14
5 16
5 18
5 21
5 23
5 25
5 29
5 32
5 33
5 36
5 37
5 41
5 42
5 47
5 48
5 53
5 55
5 57
5 60
5 61
5 62
5 63
5 64
5 75
5 76
5 78
5 79
5 81
5 82
5 84
5 85
5 90
5 91
5 93
5 94
5 95
5 98
6 7
6 8
6 9
6 10
6 11
6 16
6 17
6 19
6 23
6 32
6 34
6 35
6 37
6 38
6 39
6 41
6 43
6 45
6 47
6 48
6 49
6 50
6 51
6 53
6 59
6 61
6 67
6 71
6 74
6 76
6 77
6 78
6 81
6 82
6 83
6 87
6 93
6 96
6 97
6 99
7 13
7 15
7 17
7 21
7 23
7 26
7 30
7 31
7 34
7 35
7 39
7 41
7 42
7 44
7 45
7 46
7 48
7 51
7 53
7 55
7 56
7 57
7 58
7 61
7 64
7 65
7 68
7 69
7 70
7 71
7 73
7 74
7 77
7 78
7 82
7 84
7 85
7 93
7 94
7 95
7 99
8 9
8 13
8 15
8 16
8 18
8 21
8 22
8 23
8 25
8 27
8 29
8 30
8 33
8 39
8 40
8 46
8 47
8 48
8 50
8 54
8 55
8 60
8 65
8 66
8 69
8 71
8 72
8 74
8 75
8 77
8 78
8 86
8 88
8 89
8 90
8 91
8 92
8 95
8 98
8 99
9 10
9 12
9 13
9 15
9 18
9 20
9 21
9 23
9 24
9 27
9 30
9 33
9 35
9 37
9 38
9 39
9 41
9 42
9 45
9 48
9 51
9 58
9 59
9 65
9 66
9 69
9 70
9 73
9 75
9 77
9 78
9 79
9 84
9 85
9 86
9 90
9 91
9 94
9 98
10 11
10 14
10 15
10 17
10 18
10 21
10 23
10 27
10 28
10 33
10 34
10 35
10 39
10 40
10 43
10 45
10 46
10 48
10 50
10 56
10 57
10 59
10 61
10 62
10 63
10 64
10 65
10 69
10 71
10 74
10 77
10 79
10 80
10 85
10 87
10 88
10 90
10 98
10 99
11 12
11 13
11 15
11 16
11 17
11 24
11 25
11 28
11 31
11 35
11 36
11 38
11 39
11 41
11 43
11 45
11 46
11 48
11 49
11 51
11 56
11 60
11 61
11 65
11 69
11 73
11 77
11 79
11 80
11 82
11 83
11 84
11 85
11 86
11 87
11 89
11 90
11 92
11 97
12 14
12 16
12 17
12 18
12 23
12 24
12 25
12 26
12 27
12 31
12 33
12 36
12 39
12 41
12 44
12 46
12 48
12 51
12 53
12 57
12 59
12 60
12 64
12 66
12 67
12 76
12 78
12 79
12 80
12 83
12 85
12 86
12 87
12 88
12 89
12 92
12 95
12 96
13 14
13 15
13 16
13 17
13 19
13 20
13 21
13 22
13 23
13 39
13 41
13 42
13 45
13 49
13 50
13 54
13 60
13 62
13 63
13 64
13 65
13 66
13 67
13 68
13 70
13 72
13 74
13 75
13 77
13 79
13 80
13 87
13 89
13 90
13 91
13 93
13 96
13 97
14 15
14 18
14 19
14 21
14 24
14 25
14 28
14 32
14 33
14 36
14 37
14 39
14 43
14 45
14 51
14 52
14 55
14 57
14 61
14 62
14 68
14 69
14 70
14 71
14 72
14 73
14 74
14 76
14 78
14 79
14 82
14 83
14 84
14 87
14 88
14 91
14 92
14 94
15 20
15 21
15 24
15 25
15 29
15 32
15 33
15 34
15 35
15 36
15 37
15 38
15 43
15 44
15 49
15 53
15 54
15 58
15 62
15 64
15 65
15 67
15 70
15 71
15 76
15 79
15 81
15 82
15 83
15 84
15 85
15 87
15 90
15 92
15 96
15 99
16 18
16 19
16 21
16 23
16 28
16 30
16 35
16 37
16 38
16 40
16 42
16 44
16 45
16 47
16 50
16 51
16 55
16 56
16 57
16 58
16 59
16 61
16 64
16 65
16 66
16 72
16 73
16 75
16 77
16 84
16 85
16 86
16 88
16 89
16 98
17 20
17 24
17 25
17 27
17 28
17 29
17 34
17 36
17 40
17 41
17 45
17 46
17 49
17 50
17 51
17 54
17 56
17 57
17 58
17 59
17 60
17 61
17 62
17 64
17 65
17 68
17 69
17 72
17 81
17 82
17 83
17 84
17 92
17 93
17 95
17 97
17 98
18 19
18 20
18 23
18 24
18 27
18 28
18 30
18 33
18 34
18 35
18 36
18 41
18 45
18 47
18 51
18 52
18 54
18 59
18 64
18 65
18 68
18 69
18 71
18 72
18 73
18 77
18 78
18 79
18 80
18 82
18 83
18 84
18 85
18 92
18 95
19 22
19 24
19 26
19 27
19 30
19 33
19 34
19 35
19 40
19 43
19 48
19 49
19 52
19 53
19 54
19 55
19 60
19 61
19 62
19 63
19 64
19 65
19 67
19 69
19 70
19 71
19 75
19 76
19 79
19 80
19 81
19 83
19 87
19 90
19 91
19 95
19 97
20 21
20 29
20 31
20 33
20 35
20 37
20 39
20 41
20 42
20 43
20 47
20 49
20 56
20 57
20 58
20 60
20 64
20 66
20 70
20 71
20 72
20 75
20 76
20 77
20 78
20 80
20 81
20 83
20 84
20 85
20 86
20 87
20 91
20 93
20 94
20 99
21 23
21 24
21 25
21 26
21 27
21 28
21 41
21 43
21 45
21 47
21 51
21 54
21 55
21 56
21 57
21 62
21 64
21 65
21 67
21 72
21 73
21 74
21 75
21 80
21 84
21 85
21 86
21 89
21 91
21 93
21 97
22 30
22 31
22 32
22 33
22 36
22 37
22 39
22 40
22 42
22 43
22 44
22 46
22 50
22 52
22 53
22 54
22 55
22 56
22 57
22 59
22 61
22 65
22 67
22 68
22 73
22 74
22 77
22 78
22 79
22 80
22 81
22 84
22 86
22 87
22 91
22 95
22 96
22 97
22 98
22 99
23 24
23 25
23 29
23 30
23 31
23 33
23 40
23 44
23 46
23 50
23 51
23 61
23 62
23 63
23 68
23 70
23 71
23 72
23 73
23 78
23 81
23 83
23 87
23 89
23 91
23 92
23 93
23 95
23 96
23 98
24 29
24 34
24 37
24 38
24 39
24 40
24 46
24 47
24 50
24 51
24 59
24 67
24 68
24 71
24 72
24 74
24 75
24 78
24 79
24 80
24 82
24 83
24 86
24 88
24 89
24 90
24 92
24 93
24 95
24 97
25 27
25 30
25 31
25 32
25 34
25 35
25 36
25 40
25 42
25 44
25 46
25 47
25 49
25 50
25 51
25 52
25 57
25 66
25 70
25 74
25 75
25 78
25 80
25 84
25 85
25 86
25 87
25 88
25 90
25 92
25 93
25 97
26 28
26 29
26 31
26 32
26 35
26 36
26 37
26 38
26 42
26 43
26 46
26 48
26 50
26 51
26 52
26 54
26 57
26 64
26 67
26 68
26 69
26 70
26 76
26 77
26 79
26 80
26 81
26 82
26 83
26 84
26 85
26 87
26 91
26 92
26 93
26 94
26 95
26 96
27 28
27 32
27 35
27 36
27 37
27 38
27 39
27 40
27 42
27 43
27 46
27 47
27 48
27 52
27 53
27 54
27 55
27 59
27 61
27 65
27 67
27 70
27 71
27 72
27 75
27 77
27 83
27 87
27 89
27 90
27 93
27 95
27 98
28 29
28 30
28 32
28 34
28 37
28 38
28 40
28 44
28 45
28 50
28 51
28 56
28 58
28 59
28 61
28 62
28 65
28 71
28 73
28 75
28 76
28 78
28 79
28 80
28 84
28 88
28 90
28 93
28 94
28 95
28 96
28 97
28 98
28 99
29 30
29 33
29 35
29 37
29 38
29 39
29 40
29 45
29 48
29 52
29 54
29 55
29 56
29 59
29 61
29 63
29 64
29 65
29 68
29 75
29 76
29 77
29 78
29 79
29 84
29 89
29 92
29 93
29 95
29 97
29 98
29 99
30 31
30 37
30 38
30 39
30 42
30 43
30 46
30 49
30 50
30 51
30 52
30 54
30 55
30 57
30 58
30 60
30 63
30 65
30 66
30 67
30 68
30 71
30 75
30 76
30 77
30 78
30 81
30 83
30 91
30 95
31 32
31 33
31 36
31 38
31 39
31 40
31 41
31 43
31 47
31 49
31 50
31 53
31 54
31 55
31 58
31 59
31 60
31 63
31 65
31 66
31 67
31 68
31 69
31 81
31 85
31 87
31 88
31 92
31 93
31 94
31 97
31 98
32 34
32 39
32 40
32 44
32 45
32 47
32 48
32 49
32 50
32 52
32 54
32 55
32 57
32 58
32 60
32 61
32 64
32 66
32 68
32 69
32 70
32 74
32 75
32 77
32 78
32 82
32 85
32 88
32 90
32 92
32 94
32 96
32 98
32 99
33 35
33 36
33 38
33 39
33 40
33 41
33 46
33 47
33 51
33 53
33 54
33 55
33 58
33 61
33 64
33 69
33 70
33 72
33 73
33 75
33 79
33 82
33 86
33 87
33 88
33 90
33 95
33 97
34 35
34 36
34 38
34 39
34 40
34 42
34 43
34 45
34 46
34 52
34 53
34 54
34 60
34 61
34 62
34 63
34 64
34 68
34 69
34 70
34 73
34 77
34 79
34 80
34 83
34 85
34 86
34 87
34 90
34 91
34 94
34 99
35 39
35 40
35 43
35 44
35 47
35 52
35 55
35 58
35 60
35 62
35 63
35 65
35 67
35 69
35 72
35 76
35 82
35 83
35 89
35 90
35 94
35 97
35 98
35 99
36 37
36 40
36 41
36 43
36 44
36 52
36 53
36 54
36 55
36 56
36 61
36 64
36 65
36 69
36 70
36 73
36 74
36 79
36 80
36 81
36 86
36 88
36 89
36 90
36 91
36 93
36 96
36 97
37 41
37 42
37 43
37 44
37 48
37 49
37 52
37 55
37 56
37 60
37 63
37 66
37 68
37 70
37 73
37 75
37 76
37 78
37 81
37 82
37 84
37 91
37 92
37 93
37 94
37 95
37 96
38 41
38 42
38 43
38 44
38 45
38 46
38 48
38 49
38 50
38 52
38 53
38 55
38 58
38 62
38 63
38 66
38 69
38 70
38 71
38 72
38 82
38 83
38 85
38 89
38 95
38 96
38 98
38 99
39 42
39 46
39 49
39 51
39 53
39 55
39 56
39 61
39 62
39 64
39 66
39 68
39 71
39 73
39 75
39 81
39 83
39 90
39 91
39 92
39 94
39 98
40 41
40 47
40 49
40 50
40 55
40 56
40 58
40 60
40 63
40 68
40 69
40 73
40 74
40 76
40 77
40 80
40 81
40 84
40 90
40 92
40 94
40 95
40 96
40 97
40 99
41 44
41 47
41 50
41 51
41 52
41 53
41 54
41 56
41 58
41 59
41 61
41 62
41 63
41 66
41 67
41 70
41 72
41 73
41 74
41 79
41 86
41 90
41 93
41 94
41 97
42 43
42 48
42 52
42 54
42 55
42 56
42 58
42 60
42 62
42 63
42 65
42 66
42 71
42 74
42 76
42 78
42 81
42 83
42 88
42 90
42 91
42 92
42 94
42 95
42 97
42 98
43 50
43 56
43 57
43 58
43 60
43 62
43 64
43 71
43 74
43 76
43 77
43 79
43 80
43 81
43 82
43 83
43 84
43 85
43 86
43 87
43 90
43 92
43 94
43 98
44 46
44 49
44 50
44 51
44 56
44 57
44 59
44 60
44 63
44 64
44 67
44 69
44 73
44 74
44 76
44 77
44 79
44 80
44 84
44 85
44 86
44 87
44 88
44 91
44 92
44 94
44 97
44 99
45 48
45 50
45 52
45 55
45 56
45 57
45 58
45 60
45 62
45 67
45 68
45 69
45 71
45 73
45 74
45 75
45 76
45 82
45 83
45 86
45 89
45 94
45 96
45 98
46 48
46 53
46 54
46 55
46 57
46 58
46 59
46 63
46 64
46 65
46 66
46 68
46 70
46 76
46 80
46 82
46 84
46 85
46 86
46 88
46 90
46 91
46 94
46 99
47 48
47 50
47 51
47 52
47 56
47 60
47 61
47 62
47 63
47 64
47 66
47 70
47 72
47 73
47 74
47 75
47 78
47 79
47 81
47 82
47 85
47 87
47 88
47 93
47 96
47 97
48 49
48 54
48 59
48 60
48 61
48 63
48 64
48 65
48 66
48 67
48 68
48 69
48 71
48 72
48 73
48 75
48 78
48 81
48 82
48 86
48 90
48 93
48 96
48 98
49 50
49 53
49 56
49 57
49 58
49 59
49 61
49 62
49 63
49 65
49 66
49 70
49 72
49 74
49 75
49 76
49 77
49 80
49 84
49 85
49 88
49 89
49 90
49 94
49 96
49 97
50 52
50 53
50 57
50 58
50 60
50 61
50 66
50 67
50 68
50 69
50 70
50 74
50 77
50 78
50 82
50 93
50 94
50 95
51 56
51 57
51 60
51 62
51 63
51 64
51 66
51 67
51 71
51 73
51 77
51 78
51 80
51 81
51 82
51 83
51 85
51 86
51 88
51 96
51 98
52 54
52 56
52 59
52 60
52 61
52 63
52 65
52 68
52 69
52 71
52 73
52 75
52 76
52 79
52 80
52 88
52 89
52 93
52 95
52 96
52 98
52 99
53 56
53 59
53 61
53 63
53 66
53 67
53 68
53 71
53 72
53 74
53 77
53 78
53 81
53 82
53 83
53 84
53 86
53 89
53 90
53 91
53 94
53 98
53 99
54 57
54 58
54 63
54 64
54 66
54 68
54 70
54 73
54 74
54 75
54 76
54 77
54 78
54 81
54 83
54 84
54 91
54 96
54 99
55 56
55 58
55 62
55 64
55 65
55 66
55 67
55 70
55 74
55 79
55 80
55 81
55 82
55 83
55 84
55 86
55 87
55 89
55 90
55 93
56 59
56 61
56 66
56 67
56 70
56 72
56 73
56 76
56 79
56 84
56 86
56 87
56 89
56 90
56 92
56 93
56 97
57 59
57 61
57 64
57 71
57 72
57 73
57 74
57 75
57 81
57 85
57 86
57 87
57 88
57 89
57 90
57 91
57 92
57 93
57 94
57 99
58 61
58 62
58 64
58 70
58 73
58 74
58 76
58 79
58 81
58 82
58 85
58 86
58 87
58 89
58 95
58 96
58 97
58 99
59 60
59 61
59 66
59 67
59 73
59 75
59 77
59 78
59 80
59 81
59 86
59 89
59 90
59 92
59 93
59 95
59 96
59 97
59 98
59 99
60 61
60 74
60 76
60 77
60 79
60 82
60 86
60 87
60 89
60 91
60 94
60 96
60 98
60 99
61 63
61 69
61 70
61 71
61 85
61 88
61 93
61 95
61 96
61 99
62 63
62 68
62 69
62 72
62 73
62 74
62 76
62 78
62 83
62 84
62 89
62 90
62 92
62 95
62 97
62 99
63 67
63 69
63 70
63 71
63 74
63 76
63 77
63 81
63 82
63 87
63 92
63 95
63 96
63 97
63 98
64 65
64 66
64 67
64 71
64 72
64 77
64 78
64 79
64 80
64 81
64 85
64 88
64 91
64 92
65 68
65 71
65 72
65 76
65 78
65 81
65 82
65 84
65 87
65 88
65 89
65 90
65 92
65 93
65 94
66 67
66 69
66 77
66 79
66 80
66 81
66 82
66 84
66 86
66 92
66 93
66 94
66 97
67 69
67 72
67 73
67 74
67 75
67 76
67 79
67 80
67 83
67 87
67 88
67 90
67 92
67 93
67 96
67 97
67 98
68 69
68 70
68 72
68 77
68 78
68 86
68 87
68 89
68 90
68 91
68 92
68 93
68 95
68 97
68 98
68 99
69 71
69 75
69 79
69 80
69 83
69 84
69 85
69 87
69 90
69 93
69 94
69 98
70 71
70 73
70 75
70 79
70 80
70 81
70 82
70 88
70 89
70 91
70 92
70 93
70 95
71 76
71 78
71 81
71 84
71 85
71 88
71 89
71 92
71 93
71 94
71 95
71 97
72 74
72 75
72 78
72 79
72 80
72 81
72 82
72 83
72 85
72 88
72 89
72 91
72 92
72 96
72 97
72 98
72 99
73 75
73 82
73 83
73 84
73 85
73 86
73 87
73 89
73 94
73 97
73 99
74 75
74 78
74 79
74 83
74 86
74 88
74 90
74 91
74 94
74 98
75 79
75 80
75 82
75 83
75 90
75 92
75 94
75 95
75 96
75 98
75 99
76 78
76 80
76 81
76 83
76 87
76 88
76 89
76 94
76 96
76 97
76 98
76 99
77 78
77 83
77 84
77 85
77 88
77 89
77 91
77 94
77 96
77 98
77 99
78 84
78 86
78 87
78 89
78 95
78 96
78 99
79 80
79 81
79 82
79 84
79 85
79 89
79 92
79 96
80 82
80 83
80 88
80 89
80 91
80 92
80 95
80 96
80 99
81 87
81 88
81 89
81 91
81 95
81 96
81 99
82 87
82 88
82 89
82 90
82 97
82 98
82 99
83 84
83 85
83 89
83 91
83 92
83 94
83 96
83 98
84 85
84 87
84 88
84 91
84 93
84 95
84 99
85 86
85 87
85 91
85 92
85 93
85 96
85 97
85 98
86 87
86 88
86 89
86 91
86 93
86 98
86 99
87 88
87 91
87 96
87 97
88 91
88 93
88 94
88 95
88 96
88 97
89 96
89 97
90 95
90 99
91 92
91 94
91 96
91 99
92 93
92 95
92 96
92 98
92 99
93 97
93 98
93 99
94 95
94 97
94 98
95 97
96 99
97 99
