100 2350 0.47474747474747475 47 47
0 1
0 3
0 5
0 7
0 9
0 11
0 15
0 20
0 22
0 23
0 24
0 25
0 26
0 28
0 30
0 35
0 36
0 37
0 38
0 39
0 40
0 42
0 44
0 48
0 49
0 50
0 53
0 54
0 55
0 61
0 62
0 63
0 66
0 70
0 71
0 76
0 79
0 81
0 84
0 86
0 87
0 89
0 90
0 92
0 94
0 97
0 98
1 2
1 3
1 6
1 8
1 9
1 11
1 13
1 24
1 25
1 27
1 30
1 31
1 32
1 38
1 41
1 44
1 50
1 51
1 52
1 54
1 55
1 56
1 57
1 58
1 59
1 62
1 63
1 65
1 66
1 67
1 68
1 70
1 71
1 72
1 74
1 75
1 79
1 81
1 84
1 85
1 87
1 88
1 89
1 90
1 92
1 99
2 4
2 5
2 9
2 10
2 11
2 12
2 15
2 25
2 27
2 28
2 33
2 34
2 35
2 37
2 40
2 41
2 46
2 48
2 51
2 52
2 53
2 55
2 56
2 57
2 59
2 60
2 63
2 64
2 65
2 68
2 69
2 70
2 71
2 73
2 76
2 77
2 78
2 81
2 84
2 85
2 88
2 89
2 90
2 92
2 94
2 97
3 4
3 10
3 13
3 15
3 16
3 17
3 19
3 23
3 24
3 25
3 26
3 28
3 31
3 33
3 38
3 39
3 42
3 43
3 45
3 48
3 49
3 50
3 51
3 52
3 53
3 54
3 56
3 57
3 59
3 62
3 69
3 74
3 75
3 76
3 77
3 79
3 80
3 85
3 88
3 92
3 93
3 94
3 95
3 97
3 99
4 7
4 8
4 11
4 16
4 18
4 19
4 20
4 21
4 23
4 24
4 29
4 31
4 32
4 34
4 35
4 39
4 40
4 41
4 44
4 45
4 46
4 49
4 53
4 59
4 61
4 62
4 63
4 64
4 65
4 66
4 68
4 70
4 75
4 77
4 81
4 82
4 85
4 86
4 88
4 90
4 91
4 92
4 96
4 98
4 99
5 8
5 15
5 16
5 17
5 19
5 24
5 25
5 26
5 27
5 30
5 32
5 33
5 35
5 37
5 38
5 40
5 41
5 42
5 43
5 44
5 46
5 47
5 49
5 50
5 51
5 53
5 56
5 57
5 58
5 60
5 65
5 68
5 72
5 73
5 74
5 76
5 78
5 82
5 83
5 87
5 88
5 89
5 91
5 94
5 99
6 11
6 13
6 17
6 18
6 19
6 20
6 22
6 23
6 25
6 26
6 27
6 29
6 31
6 35
6 38
6 43
6 44
6 46
6 48
6 50
6 53
6 54
6 57
6 58
6 59
6 60
6 61
6 62
6 63
6 66
6 68
6 70
6 73
6 75
6 76
6 78
6 79
6 80
6 81
6 84
6 86
6 87
6 91
6 94
6 96
6 97
7 9
7 11
7 15
7 18
7 19
7 20
7 22
7 23
7 24
7 26
7 29
7 31
7 33
7 34
7 35
7 38
7 39
7 40
7 41
7 42
7 43
7 44
7 55
7 56
7 58
7 61
7 65
7 67
7 68
7 73
7 74
7 77
7 78
7 81
7 83
7 84
7 85
7 88
7 90
7 92
7 93
7 95
7 96
7 97
7 98
8 9
8 10
8 12
8 16
8 17
8 18
8 19
8 20
8 21
8 22
8 23
8 24
8 25
8 26
8 27
8 28
8 29
8 31
8 32
8 34
8 37
8 38
8 41
8 47
8 48
8 53
8 54
8 59
8 64
8 66
8 68
8 69
8 72
8 75
8 76
8 77
8 78
8 80
8 82
8 83
8 85
8 86
8 87
8 95
9 10
9 12
9 13
9 15
9 16
9 17
9 18
9 20
9 21
9 28
9 29
9 30
9 32
9 37
9 39
9 42
9 44
9 48
9 50
9 51
9 52
9 53
9 55
9 57
9 58
9 59
9 61
9 63
9 66
9 67
9 68
9 71
9 72
9 75
9 77
9 81
9 90
9 91
9 92
9 95
9 97
9 99
10 12
10 13
10 14
10 15
10 16
10 18
10 20
10 21
10 22
10 23
10 24
10 25
10 27
10 28
10 29
10 30
10 31
10 32
10 34
10 35
10 39
10 44
10 49
10 51
10 53
10 56
10 58
10 60
10 61
10 62
10 64
10 77
10 81
10 82
10 83
10 85
10 86
10 89
10 90
10 92
10 95
10 96
10 98
11 13
11 14
11 15
11 16
11 17
11 18
11 19
11 20
11 22
11 29
11 31
11 33
11 35
11 39
11 40
11 43
11 45
11 46
11 49
11 50
11 51
11 52
11 54
11 55
11 57
11 58
11 59
11 60
11 63
11 66
11 67
11 73
11 74
11 75
11 82
11 83
11 85
11 89
11 90
11 94
11 95
12 13
12 15
12 16
12 17
12 19
12 21
12 22
12 24
12 25
12 26
12 29
12 30
12 31
12 33
12 34
12 35
12 36
12 39
12 41
12 42
12 46
12 47
12 55
12 57
12 61
12 63
12 64
12 65
12 68
12 72
12 75
12 76
12 78
12 79
12 81
12 82
12 83
12 88
12 89
12 90
12 91
12 92
12 99
13 14
13 16
13 17
13 18
13 19
13 25
13 26
13 30
13 31
13 34
13 35
13 37
13 38
13 40
13 41
13 45
13 46
13 51
13 52
13 53
13 54
13 56
13 57
13 59
13 60
13 61
13 63
13 66
13 70
13 71
13 74
13 76
13 78
13 79
13 80
13 88
13 92
13 93
13 98
13 99
14 15
14 19
14 20
14 21
14 23
14 26
14 27
14 28
14 32
14 35
14 38
14 40
14 42
14 43
14 47
14 49
14 51
14 53
14 56
14 59
14 60
14 61
14 63
14 65
14 66
14 68
14 70
14 73
14 75
14 76
14 77
14 78
14 79
14 81
14 83
14 84
14 85
14 88
14 93
14 94
14 96
14 97
14 98
14 99
15 16
15 18
15 19
15 21
15 23
15 26
15 27
15 30
15 31
15 33
15 34
15 37
15 39
15 42
15 44
15 45
15 46
15 56
15 60
15 62
15 67
15 68
15 69
15 70
15 71
15 72
15 73
15 75
15 79
15 80
15 82
15 83
15 85
15 86
15 91
15 94
15 96
16 17
16 18
16 21
16 23
16 24
16 25
16 26
16 32
16 33
16 34
16 36
16 39
16 41
16 42
16 47
16 49
16 50
16 53
16 58
16 60
16 63
16 64
16 66
16 69
16 73
16 75
16 78
16 80
16 83
16 84
16 85
16 86
16 87
16 88
16 90
16 97
16 98
17 21
17 22
17 23
17 25
17 26
17 29
17 36
17 37
17 38
17 39
17 41
17 45
17 46
17 47
17 48
17 50
17 52
17 53
17 55
17 56
17 57
17 58
17 62
17 63
17 66
17 67
17 71
17 73
17 76
17 77
17 78
17 80
17 82
17 85
17 86
17 93
17 95
17 98
18 20
18 24
18 25
18 27
18 30
18 31
18 33
18 36
18 39
18 40
18 43
18 46
18 47
18 49
18 52
18 54
18 61
18 62
18 63
18 64
18 69
18 70
18 71
18 74
18 75
18 78
18 82
18 84
18 85
18 86
18 87
18 88
18 89
18 93
18 95
18 97
18 98
19 22
19 26
19 28
19 30
19 31
19 32
19 33
19 37
19 42
19 45
19 47
19 49
19 50
19 52
19 55
19 56
19 59
19 61
19 62
19 64
19 65
19 70
19 71
19 74
19 75
19 78
19 79
19 84
19 87
19 90
19 93
19 94
19 96
19 97
19 98
19 99
20 21
20 23
20 30
20 31
20 33
20 35
20 36
20 39
20 42
20 43
20 50
20 51
20 52
20 53
20 55
20 56
20 57
20 60
20 61
20 63
20 65
20 66
20 68
20 76
20 77
20 78
20 80
20 83
20 84
20 85
20 86
20 88
20 89
20 90
20 93
20 97
20 98
21 22
21 23
21 24
21 25
21 29
21 31
21 37
21 39
21 40
21 44
21 45
21 48
21 52
21 53
21 55
21 56
21 59
21 60
21 61
21 63
21 64
21 66
21 67
21 68
21 71
21 72
21 73
21 76
21 79
21 81
21 85
21 87
21 89
21 91
21 92
21 94
21 98
22 23
22 25
22 29
22 34
22 36
22 37
22 39
22 40
22 42
22 45
22 46
22 49
22 50
22 51
22 53
22 54
22 57
22 58
22 60
22 61
22 66
22 70
22 71
22 72
22 75
22 77
22 79
22 81
22 86
22 88
22 90
22 91
22 93
22 94
22 96
22 97
22 99
23 24
23 25
23 26
23 27
23 28
23 29
23 32
23 33
23 34
23 35
23 41
23 47
23 48
23 50
23 59
23 60
23 62
23 64
23 66
23 67
23 69
23 70
23 71
23 76
23 83
23 86
23 87
23 88
23 92
23 94
23 96
23 97
23 99
24 25
24 28
24 32
24 34
24 36
24 37
24 42
24 43
24 45
24 49
24 55
24 57
24 58
24 60
24 63
24 65
24 67
24 70
24 74
24 76
24 77
24 80
24 81
24 82
24 83
24 84
24 85
24 87
24 88
24 93
24 95
24 96
24 97
24 99
25 26
25 27
25 35
25 37
25 38
25 40
25 42
25 44
25 45
25 48
25 49
25 55
25 59
25 61
25 63
25 64
25 66
25 70
25 73
25 74
25 79
25 82
25 83
25 86
25 87
25 91
25 92
25 93
25 95
25 98
26 27
26 31
26 33
26 37
26 40
26 43
26 46
26 47
26 49
26 53
26 57
26 59
26 62
26 63
26 64
26 69
26 71
26 77
26 79
26 80
26 81
26 84
26 86
26 87
26 88
26 89
26 91
26 92
26 93
26 95
26 98
26 99
27 28
27 30
27 31
27 32
27 39
27 40
27 41
27 42
27 48
27 49
27 51
27 52
27 53
27 55
27 56
27 57
27 58
27 64
27 65
27 66
27 68
27 69
27 71
27 73
27 74
27 76
27 77
27 84
27 88
27 89
27 91
27 93
27 95
27 98
27 99
28 29
28 30
28 32
28 33
28 34
28 36
28 41
28 42
28 44
28 45
28 47
28 48
28 49
28 51
28 54
28 55
28 56
28 59
28 60
28 61
28 62
28 65
28 67
28 68
28 71
28 72
28 73
28 74
28 82
28 85
28 86
28 87
28 90
28 95
28 97
28 99
29 30
29 34
29 35
29 36
29 37
29 40
29 43
29 44
29 45
29 46
29 48
29 50
29 52
29 55
29 57
29 59
29 60
29 64
29 66
29 68
29 71
29 72
29 73
29 76
29 77
29 78
29 80
29 82
29 87
29 88
29 91
29 93
29 94
29 96
30 31
30 32
30 34
30 35
30 37
30 41
30 44
30 45
30 46
30 49
30 50
30 52
30 53
30 55
30 56
30 58
30 63
30 64
30 65
30 67
30 71
30 72
30 74
30 76
30 77
30 87
30 88
30 90
30 92
30 93
30 96
30 98
30 99
31 32
31 34
31 36
31 38
31 40
31 41
31 47
31 49
31 52
31 55
31 57
31 58
31 62
31 63
31 64
31 70
31 71
31 72
31 73
31 74
31 77
31 80
31 84
31 86
31 89
31 90
31 92
31 94
31 96
32 34
32 35
32 37
32 41
32 42
32 43
32 45
32 49
32 50
32 54
32 57
32 63
32 64
32 67
32 69
32 71
32 72
32 74
32 75
32 76
32 79
32 80
32 81
32 82
32 88
32 89
32 92
32 93
32 94
32 97
32 98
32 99
33 34
33 38
33 40
33 41
33 43
33 44
33 45
33 46
33 48
33 51
33 53
33 54
33 56
33 58
33 60
33 64
33 67
33 73
33 74
33 76
33 78
33 80
33 82
33 83
33 84
33 85
33 87
33 90
33 91
33 92
33 94
33 97
33 98
34 36
34 41
34 44
34 50
34 51
34 52
34 55
34 56
34 57
34 59
34 61
34 65
34 66
34 67
34 69
34 70
34 75
34 76
34 78
34 81
34 84
34 90
34 91
34 93
34 94
34 95
34 96
34 97
34 99
35 36
35 44
35 45
35 47
35 48
35 52
35 53
35 54
35 57
35 65
35 66
35 68
35 69
35 71
35 72
35 75
35 77
35 81
35 82
35 83
35 84
35 85
35 86
35 87
35 89
35 91
35 95
35 96
35 97
35 99
36 38
36 40
36 43
36 45
36 48
36 49
36 50
36 51
36 52
36 53
36 54
36 56
36 58
36 59
36 62
36 66
36 68
36 69
36 70
36 71
36 72
36 74
36 78
36 81
36 83
36 85
36 86
36 87
36 88
36 90
36 91
36 94
36 96
36 98
37 38
37 39
37 41
37 44
37 45
37 46
37 47
37 50
37 54
37 55
37 60
37 61
37 63
37 65
37 66
37 67
37 68
37 73
37 74
37 75
37 78
37 80
37 81
37 88
37 89
37 92
37 94
37 96
37 97
37 99
38 41
38 42
38 43
38 48
38 49
38 50
38 56
38 57
38 58
38 59
38 60
38 61
38 62
38 69
38 70
38 72
38 73
38 76
38 79
38 81
38 82
38 83
38 84
38 85
38 87
38 89
38 91
38 92
38 93
38 95
38 97
38 98
39 40
39 42
39 43
39 45
39 46
39 47
39 48
39 52
39 54
39 55
39 62
39 64
39 65
39 66
39 67
39 68
39 69
39 70
39 73
39 74
39 79
39 80
39 83
39 84
39 88
39 94
39 95
39 96
39 97
39 99
40 42
40 43
40 47
40 50
40 51
40 52
40 56
40 60
40 61
40 62
40 64
40 65
40 66
40 69
40 70
40 71
40 72
40 73
40 75
40 76
40 82
40 84
40 86
40 88
40 93
40 96
40 97
40 98
41 43
41 47
41 48
41 51
41 58
41 59
41 62
41 63
41 66
41 69
41 70
41 71
41 72
41 75
41 77
41 78
41 79
41 82
41 83
41 85
41 87
41 89
41 90
41 91
41 92
41 93
41 96
42 46
42 47
42 48
42 51
42 55
42 56
42 58
42 61
42 67
42 69
42 71
42 72
42 74
42 77
42 78
42 80
42 81
42 83
42 86
42 87
42 89
42 91
42 93
42 96
42 97
42 98
42 99
43 46
43 47
43 49
43 50
43 51
43 55
43 56
43 57
43 60
43 62
43 63
43 64
43 68
43 70
43 71
43 72
43 74
43 75
43 80
43 81
43 82
43 83
43 88
43 89
43 90
43 91
43 94
43 95
43 99
44 45
44 46
44 49
44 50
44 51
44 54
44 57
44 58
44 59
44 61
44 65
44 67
44 70
44 72
44 73
44 74
44 75
44 77
44 78
44 79
44 80
44 81
44 92
44 93
44 94
44 96
44 97
44 98
44 99
45 49
45 54
45 56
45 57
45 59
45 60
45 61
45 63
45 64
45 65
45 66
45 67
45 69
45 70
45 71
45 75
45 76
45 78
45 82
45 83
45 86
45 87
45 93
45 95
45 97
45 99
46 49
46 50
46 51
46 53
46 54
46 58
46 60
46 61
46 62
46 65
46 69
46 72
46 73
46 75
46 76
46 77
46 79
46 84
46 86
46 88
46 89
46 90
46 91
46 92
46 95
46 96
46 98
47 48
47 52
47 54
47 55
47 57
47 58
47 59
47 60
47 62
47 64
47 67
47 68
47 69
47 74
47 75
47 79
47 83
47 84
47 85
47 87
47 88
47 90
47 91
47 92
47 94
47 96
47 97
47 99
48 51
48 59
48 61
48 62
48 63
48 65
48 67
48 69
48 71
48 72
48 76
48 77
48 78
48 79
48 80
48 81
48 82
48 83
48 86
48 88
48 89
48 90
48 91
48 92
48 97
48 99
49 52
49 54
49 55
49 56
49 59
49 61
49 62
49 65
49 66
49 70
49 71
49 73
49 74
49 76
49 77
49 79
49 84
49 86
49 87
49 89
49 93
49 96
50 51
50 53
50 54
50 56
50 57
50 59
50 60
50 62
50 65
50 70
50 72
50 73
50 78
50 80
50 81
50 84
50 87
50 89
50 90
50 91
50 92
50 96
50 99
51 52
51 55
51 56
51 58
51 61
51 64
51 67
51 70
51 74
51 77
51 78
51 80
51 82
51 83
51 86
51 87
51 88
51 91
51 92
51 95
51 96
51 97
51 99
52 53
52 54
52 56
52 57
52 59
52 60
52 69
52 70
52 71
52 72
52 74
52 76
52 77
52 78
52 79
52 80
52 82
52 83
52 84
52 89
52 92
52 94
52 97
52 98
53 56
53 58
53 59
53 60
53 63
53 64
53 65
53 72
53 75
53 76
53 78
53 79
53 81
53 83
53 84
53 86
53 87
53 89
53 92
53 97
53 98
53 99
54 56
54 57
54 58
54 59
54 64
54 65
54 66
54 67
54 69
54 70
54 72
54 77
54 78
54 80
54 82
54 83
54 85
54 87
54 88
54 91
54 92
54 93
54 95
54 96
55 56
55 58
55 59
55 60
55 64
55 67
55 70
55 72
55 73
55 74
55 81
55 83
55 84
55 85
55 87
55 92
55 93
55 94
55 95
55 98
55 99
56 57
56 61
56 67
56 73
56 77
56 78
56 79
56 80
56 82
56 83
56 84
56 86
56 89
56 90
56 91
56 93
57 58
57 59
57 65
57 67
57 68
57 69
57 71
57 74
57 77
57 81
57 84
57 85
57 88
57 89
57 93
57 94
57 96
57 98
58 59
58 60
58 62
58 63
58 67
58 68
58 69
58 73
58 74
58 75
58 78
58 79
58 81
58 82
58 84
58 88
58 90
58 93
58 95
58 96
59 61
59 62
59 63
59 68
59 74
59 77
59 81
59 84
59 87
59 92
59 93
59 94
59 95
59 99
60 63
60 64
60 65
60 66
60 67
60 68
60 69
60 70
60 71
60 72
60 73
60 77
60 80
60 82
60 85
60 88
60 90
60 99
61 62
61 63
61 64
61 66
61 68
61 69
61 70
61 72
61 74
61 78
61 82
61 83
61 87
61 90
61 94
61 95
61 96
61 98
62 67
62 68
62 72
62 74
62 75
62 77
62 78
62 80
62 82
62 84
62 85
62 89
62 91
62 93
62 94
62 95
62 96
62 97
62 98
63 64
63 66
63 68
63 72
63 74
63 80
63 81
63 82
63 83
63 84
63 86
63 90
63 93
63 94
63 96
63 97
64 65
64 67
64 69
64 71
64 72
64 73
64 74
64 76
64 78
64 79
64 84
64 89
64 90
64 91
64 92
64 94
64 96
65 67
65 68
65 70
65 71
65 73
65 74
65 75
65 76
65 78
65 80
65 81
65 82
65 86
65 87
65 88
65 93
65 95
65 98
66 67
66 71
66 73
66 75
66 79
66 80
66 83
66 84
66 85
66 87
66 89
66 93
66 94
66 95
66 96
66 98
67 68
67 69
67 70
67 71
67 72
67 77
67 78
67 79
67 81
67 82
67 86
67 92
67 94
67 95
67 98
68 70
68 73
68 74
68 75
68 76
68 78
68 80
68 81
68 83
68 84
68 86
68 90
68 91
68 95
68 97
68 98
69 73
69 75
69 76
69 77
69 79
69 81
69 82
69 85
69 90
69 91
69 92
69 93
69 94
69 95
69 97
69 98
69 99
70 71
70 72
70 74
70 75
70 77
70 79
70 88
70 89
70 93
70 94
70 97
70 98
71 75
71 76
71 79
71 86
71 87
71 89
71 93
71 96
71 97
71 98
71 99
72 76
72 80
72 81
72 82
72 85
72 87
72 91
72 93
72 94
72 95
72 97
72 98
73 74
73 75
73 79
73 80
73 81
73 82
73 84
73 86
73 89
73 90
73 91
73 92
73 96
73 98
74 75
74 78
74 79
74 85
74 86
74 88
74 89
74 95
74 99
75 79
75 80
75 84
75 86
75 90
75 91
75 92
75 94
75 95
75 96
75 99
76 77
76 79
76 80
76 81
76 82
76 83
76 86
76 89
76 90
76 91
76 93
76 97
76 98
77 78
77 79
77 84
77 85
77 86
77 87
77 88
77 89
77 90
77 91
77 95
78 79
78 80
78 83
78 85
78 87
78 89
78 90
78 96
78 98
79 82
79 84
79 89
79 90
79 91
79 92
79 93
79 97
79 99
80 81
80 82
80 83
80 87
80 88
80 89
80 94
80 95
80 96
80 97
80 98
81 84
81 85
81 86
81 89
81 91
81 93
81 94
81 99
82 83
82 86
82 87
82 90
82 91
82 92
82 93
82 96
83 84
83 85
83 87
83 89
83 90
83 91
83 92
83 93
83 95
84 86
84 88
84 95
84 97
84 99
85 88
85 89
85 90
85 91
85 92
85 93
85 94
85 95
85 96
85 97
85 99
86 87
86 88
86 92
86 95
86 97
86 98
86 99
87 90
87 92
87 94
87 96
87 99
88 91
88 92
88 94
88 95
88 97
88 98
89 91
89 92
89 94
89 95
90 91
90 93
90 94
90 96
91 93
91 96
91 98
92 95
92 96
93 96
94 95
94 98
94 99
95 97
95 99
97 99
98 99
