100 2400 0.48484848484848486 48 48
0 2
0 4
0 5
0 6
0 8
0 12
0 13
0 14
0 19
0 21
0 22
0 24
0 28
0 29
0 30
0 32
0 34
0 35
0 36
0 37
0 41
0 43
0 45
0 46
0 47
0 48
0 51
0 53
0 54
0 56
0 57
0 60
0 62
0 65
0 66
0 67
0 69
0 70
0 72
0 74
0 78
0 79
0 82
0 83
0 88
0 91
0 93
0 97
1 6
1 8
1 11
1 14
1 16
1 19
1 20
1 21
1 23
1 26
1 27
1 29
1 30
1 34
1 35
1 38
1 39
1 40
1 42
1 44
1 45
1 47
1 50
1 51
1 53
1 54
1 55
1 56
1 58
1 60
1 64
1 65
1 69
1 74
1 75
1 76
1 77
1 78
1 79
1 80
1 82
1 84
1 87
1 90
1 93
1 95
1 97
1 99
2 3
2 5
2 6
2 8
2 9
2 12
2 13
2 15
2 17
2 19
2 21
2 23
2 26
2 27
2 28
2 29
2 31
2 34
2 35
2 37
2 40
2 42
2 43
2 48
2 49
2 52
2 60
2 62
2 63
2 64
2 65
2 66
2 67
2 70
2 73
2 74
2 76
2 77
2 79
2 81
2 82
2 86
2 88
2 89
2 91
2 92
2 97
3 4
3 9
3 10
3 11
3 12
3 14
3 16
3 17
3 21
3 24
3 25
3 26
3 29
3 31
3 32
3 34
3 37
3 39
3 40
3 41
3 43
3 46
3 47
3 50
3 52
3 53
3 55
3 56
3 57
3 63
3 70
3 74
3 75
3 76
3 77
3 79
3 80
3 81
3 83
3 84
3 89
3 91
3 92
3 94
3 95
3 96
3 98
4 8
4 10
4 11
4 12
4 15
4 16
4 18
4 20
4 21
4 22
4 23
4 25
4 26
4 27
4 30
4 32
4 35
4 37
4 38
4 39
4 40
4 41
4 47
4 48
4 50
4 51
4 54
4 57
4 59
4 60
4 63
4 64
4 66
4 70
4 74
4 77
4 80
4 81
4 82
4 83
4 89
4 90
4 92
4 93
4 95
4 98
5 7
5 8
5 10
5 11
5 12
5 13
5 15
5 16
5 18
5 21
5 23
5 24
5 26
5 29
5 30
5 31
5 33
5 35
5 36
5 39
5 44
5 47
5 48
5 49
5 53
5 54
5 55
5 56
5 58
5 59
5 61
5 63
5 66
5 74
5 75
5 78
5 82
5 83
5 84
5 85
5 86
5 88
5 89
5 90
5 92
5 94
6 9
6 10
6 11
6 15
6 16
6 17
6 20
6 26
6 27
6 32
6 33
6 36
6 37
6 38
6 40
6 42
6 43
6 44
6 46
6 47
6 49
6 52
6 53
6 55
6 56
6 60
6 63
6 64
6 65
6 67
6 69
6 71
6 75
6 76
6 77
6 79
6 81
6 83
6 88
6 90
6 91
6 93
6 95
6 96
6 99
7 8
7 10
7 11
7 12
7 16
7 19
7 25
7 26
7 27
7 29
7 30
7 31
7 32
7 33
7 36
7 39
7 44
7 45
7 46
7 47
7 49
7 52
7 53
7 54
7 56
7 57
7 58
7 59
7 60
7 61
7 62
7 63
7 65
7 66
7 67
7 72
7 78
7 81
7 82
7 83
7 84
7 85
7 86
7 92
7 93
7 94
7 96
8 9
8 12
8 16
8 18
8 20
8 26
8 28
8 31
8 34
8 35
8 37
8 38
8 40
8 42
8 45
8 48
8 50
8 52
8 53
8 55
8 58
8 59
8 60
8 61
8 62
8 68
8 70
8 73
8 76
8 77
8 80
8 81
8 82
8 83
8 85
8 88
8 89
8 90
8 91
8 92
8 97
8 98
9 12
9 13
9 15
9 17
9 20
9 21
9 22
9 25
9 27
9 29
9 31
9 32
9 33
9 34
9 36
9 37
9 39
9 42
9 43
9 44
9 47
9 48
9 50
9 52
9 54
9 56
9 59
9 60
9 63
9 65
9 66
9 69
9 71
9 72
9 79
9 82
9 85
9 86
9 87
9 88
9 93
9 96
9 97
9 98
10 13
10 15
10 17
10 20
10 24
10 27
10 28
10 36
10 37
10 39
10 40
10 41
10 42
10 44
10 45
10 46
10 47
10 48
10 49
10 51
10 52
10 54
10 56
10 57
10 58
10 59
10 63
10 65
10 67
10 69
10 71
10 73
10 77
10 79
10 80
10 84
10 86
10 92
10 93
10 94
10 95
10 97
10 98
11 12
11 13
11 14
11 16
11 22
11 24
11 26
11 28
11 32
11 35
11 36
11 39
11 40
11 41
11 47
11 53
11 55
11 56
11 58
11 60
11 61
11 62
11 63
11 64
11 67
11 68
11 69
11 72
11 80
11 81
11 82
11 84
11 85
11 87
11 90
11 91
11 93
11 94
11 95
11 96
11 97
11 98
12 16
12 18
12 20
12 21
12 24
12 25
12 33
12 36
12 41
12 42
12 43
12 44
12 45
12 46
12 47
12 48
12 49
12 52
12 53
12 54
12 56
12 58
12 62
12 63
12 64
12 70
12 74
12 76
12 80
12 81
12 87
12 90
12 91
12 92
12 93
12 95
12 97
12 98
12 99
13 15
13 17
13 19
13 20
13 26
13 28
13 30
13 35
13 36
13 37
13 39
13 42
13 46
13 48
13 49
13 50
13 52
13 55
13 56
13 57
13 58
13 59
13 62
13 63
13 64
13 68
13 71
13 72
13 73
13 75
13 76
13 77
13 82
13 85
13 86
13 89
13 90
13 92
13 94
13 96
13 97
13 99
14 16
14 18
14 19
14 23
14 24
14 26
14 27
14 28
14 30
14 32
14 33
14 34
14 37
14 41
14 43
14 44
14 46
14 48
14 51
14 54
14 56
14 60
14 62
14 63
14 64
14 66
14 67
14 70
14 73
14 76
14 77
14 78
14 79
14 81
14 83
14 84
14 86
14 87
14 88
14 89
14 91
14 94
14 97
14 99
15 16
15 23
15 24
15 25
15 27
15 30
15 32
15 33
15 34
15 39
15 40
15 42
15 45
15 46
15 47
15 50
15 53
15 54
15 55
15 56
15 59
15 61
15 63
15 67
15 68
15 69
15 70
15 71
15 72
15 74
15 76
15 80
15 81
15 82
15 83
15 84
15 86
15 87
15 89
15 94
15 95
16 17
16 19
16 24
16 26
16 28
16 30
16 34
16 38
16 44
16 45
16 49
16 51
16 52
16 53
16 54
16 56
16 57
16 58
16 63
16 64
16 69
16 73
16 74
16 78
16 79
16 80
16 81
16 83
16 84
16 85
16 87
16 88
16 90
16 93
16 94
16 95
16 99
17 20
17 21
17 22
17 23
17 24
17 27
17 29
17 30
17 31
17 33
17 34
17 39
17 40
17 41
17 43
17 44
17 45
17 47
17 51
17 52
17 57
17 58
17 60
17 61
17 63
17 67
17 68
17 72
17 75
17 76
17 78
17 80
17 81
17 84
17 87
17 88
17 89
17 90
17 91
17 93
17 94
18 20
18 22
18 24
18 25
18 27
18 28
18 30
18 35
18 36
18 38
18 43
18 46
18 47
18 48
18 49
18 50
18 51
18 54
18 57
18 58
18 60
18 62
18 66
18 67
18 68
18 69
18 72
18 73
18 75
18 77
18 78
18 79
18 82
18 85
18 86
18 87
18 88
18 89
18 90
18 94
18 95
18 96
18 99
19 22
19 24
19 25
19 26
19 28
19 30
19 33
19 36
19 37
19 38
19 41
19 43
19 45
19 46
19 47
19 48
19 49
19 54
19 56
19 58
19 61
19 62
19 66
19 67
19 69
19 70
19 71
19 72
19 75
19 76
19 78
19 81
19 82
19 83
19 84
19 85
19 90
19 91
19 94
19 96
19 98
20 22
20 23
20 25
20 26
20 27
20 28
20 30
20 33
20 35
20 37
20 41
20 42
20 49
20 50
20 51
20 55
20 57
20 59
20 62
20 63
20 64
20 66
20 71
20 72
20 74
20 75
20 77
20 79
20 81
20 83
20 84
20 85
20 86
20 87
20 88
20 91
20 93
20 94
21 22
21 23
21 24
21 25
21 28
21 32
21 33
21 35
21 36
21 41
21 44
21 45
21 46
21 47
21 50
21 51
21 57
21 59
21 63
21 65
21 67
21 68
21 71
21 75
21 76
21 78
21 81
21 84
21 85
21 86
21 87
21 89
21 90
21 92
21 94
21 96
21 97
21 98
21 99
22 24
22 25
22 28
22 29
22 31
22 32
22 33
22 34
22 39
22 44
22 45
22 48
22 49
22 50
22 54
22 55
22 56
22 58
22 64
22 65
22 68
22 70
22 71
22 73
22 76
22 78
22 79
22 82
22 83
22 84
22 85
22 87
22 88
22 90
22 91
22 92
22 93
22 98
22 99
23 24
23 25
23 26
23 28
23 32
23 33
23 35
23 37
23 40
23 46
23 48
23 50
23 52
23 53
23 55
23 57
23 58
23 59
23 61
23 64
23 65
23 69
23 71
23 72
23 74
23 75
23 77
23 78
23 79
23 80
23 81
23 82
23 83
23 84
23 91
23 94
23 95
23 97
23 98
24 26
24 27
24 29
24 31
24 32
24 34
24 37
24 39
24 41
24 44
24 45
24 46
24 50
24 51
24 52
24 53
24 57
24 59
24 60
24 63
24 67
24 68
24 70
24 74
24 75
24 77
24 78
24 79
24 82
24 86
24 89
24 96
24 99
25 26
25 28
25 29
25 30
25 31
25 32
25 36
25 37
25 38
25 40
25 42
25 45
25 46
25 47
25 51
25 52
25 56
25 59
25 60
25 62
25 63
25 65
25 66
25 70
25 73
25 74
25 75
25 77
25 78
25 80
25 82
25 88
25 90
25 91
25 95
25 99
26 27
26 28
26 31
26 35
26 39
26 40
26 44
26 45
26 49
26 51
26 52
26 53
26 55
26 56
26 57
26 64
26 65
26 68
26 70
26 71
26 77
26 81
26 82
26 83
26 84
26 85
26 86
26 87
26 89
26 92
26 96
27 30
27 31
27 32
27 35
27 36
27 37
27 38
27 39
27 40
27 43
27 44
27 46
27 48
27 51
27 55
27 57
27 61
27 67
27 68
27 69
27 71
27 75
27 76
27 77
27 78
27 80
27 82
27 84
27 86
27 94
27 95
27 97
27 98
27 99
28 31
28 40
28 44
28 45
28 46
28 47
28 48
28 51
28 54
28 55
28 57
28 59
28 60
28 61
28 66
28 69
28 70
28 72
28 74
28 75
28 79
28 80
28 82
28 85
28 87
28 89
28 93
28 94
28 95
28 96
28 97
28 99
29 31
29 35
29 37
29 38
29 40
29 42
29 45
29 46
29 47
29 50
29 51
29 52
29 56
29 57
29 58
29 60
29 64
29 66
29 68
29 69
29 70
29 71
29 72
29 77
29 78
29 79
29 82
29 87
29 88
29 89
29 91
29 93
29 94
29 95
29 96
29 97
29 99
30 31
30 32
30 33
30 36
30 37
30 38
30 42
30 43
30 46
30 47
30 50
30 51
30 52
30 55
30 58
30 59
30 61
30 62
30 65
30 66
30 69
30 73
30 75
30 76
30 78
30 79
30 80
30 83
30 85
30 92
30 93
30 94
30 99
31 32
31 33
31 39
31 45
31 47
31 48
31 51
31 52
31 54
31 55
31 56
31 58
31 59
31 62
31 63
31 64
31 66
31 67
31 69
31 72
31 75
31 76
31 77
31 78
31 79
31 84
31 85
31 86
31 89
31 91
31 94
31 95
31 96
32 35
32 39
32 41
32 42
32 44
32 45
32 47
32 48
32 49
32 51
32 52
32 55
32 57
32 58
32 61
32 64
32 67
32 68
32 69
32 71
32 74
32 77
32 78
32 79
32 87
32 89
32 92
32 93
32 94
32 95
32 98
33 34
33 36
33 37
33 39
33 41
33 42
33 44
33 48
33 51
33 52
33 53
33 57
33 59
33 60
33 62
33 63
33 64
33 67
33 69
33 71
33 72
33 73
33 74
33 75
33 83
33 84
33 85
33 86
33 87
33 92
33 93
33 94
33 95
34 36
34 37
34 38
34 40
34 42
34 45
34 46
34 47
34 49
34 51
34 52
34 53
34 54
34 58
34 62
34 63
34 66
34 67
34 69
34 70
34 73
34 74
34 80
34 81
34 82
34 83
34 84
34 86
34 87
34 89
34 91
34 95
34 96
34 97
34 99
35 40
35 41
35 44
35 46
35 48
35 49
35 51
35 55
35 56
35 58
35 59
35 61
35 62
35 66
35 67
35 69
35 72
35 73
35 74
35 77
35 80
35 81
35 82
35 83
35 85
35 86
35 88
35 90
35 94
35 97
35 98
35 99
36 38
36 39
36 40
36 41
36 42
36 43
36 44
36 45
36 46
36 47
36 48
36 49
36 54
36 58
36 66
36 68
36 69
36 71
36 72
36 73
36 76
36 80
36 81
36 83
36 86
36 87
36 88
36 90
36 92
36 93
36 98
37 40
37 41
37 45
37 47
37 48
37 49
37 50
37 55
37 56
37 58
37 60
37 64
37 65
37 66
37 68
37 69
37 71
37 74
37 75
37 77
37 82
37 86
37 87
37 89
37 91
37 92
37 93
37 99
38 40
38 42
38 43
38 45
38 49
38 50
38 51
38 52
38 54
38 55
38 57
38 58
38 59
38 61
38 64
38 68
38 69
38 70
38 71
38 72
38 73
38 75
38 76
38 78
38 79
38 80
38 81
38 83
38 85
38 87
38 88
38 90
38 91
38 98
38 99
39 43
39 44
39 45
39 46
39 48
39 49
39 50
39 54
39 55
39 56
39 58
39 59
39 62
39 63
39 64
39 67
39 72
39 74
39 75
39 77
39 80
39 87
39 89
39 90
39 92
39 93
39 95
39 96
39 98
40 42
40 45
40 46
40 52
40 54
40 61
40 62
40 64
40 65
40 67
40 68
40 70
40 72
40 73
40 74
40 75
40 76
40 78
40 82
40 83
40 84
40 92
40 94
40 95
40 97
40 98
40 99
41 43
41 45
41 46
41 51
41 53
41 55
41 56
41 57
41 59
41 61
41 65
41 68
41 69
41 70
41 73
41 75
41 77
41 79
41 80
41 81
41 83
41 85
41 86
41 87
41 88
41 89
41 90
41 92
41 96
41 98
41 99
42 43
42 44
42 47
42 48
42 49
42 50
42 52
42 55
42 58
42 60
42 61
42 62
42 63
42 64
42 69
42 70
42 71
42 72
42 73
42 77
42 79
42 82
42 83
42 86
42 88
42 90
42 91
42 93
42 97
43 46
43 47
43 49
43 51
43 52
43 53
43 58
43 61
43 63
43 64
43 70
43 72
43 73
43 74
43 75
43 78
43 80
43 82
43 83
43 84
43 85
43 86
43 88
43 89
43 90
43 91
43 92
43 93
43 94
43 97
43 98
44 46
44 50
44 51
44 52
44 53
44 58
44 59
44 60
44 61
44 64
44 65
44 71
44 72
44 73
44 74
44 76
44 78
44 79
44 80
44 84
44 88
44 89
44 94
44 95
44 96
44 99
45 46
45 48
45 51
45 54
45 56
45 58
45 59
45 62
45 64
45 65
45 66
45 68
45 74
45 79
45 80
45 82
45 88
45 92
45 93
45 95
45 96
45 98
46 50
46 51
46 54
46 56
46 58
46 62
46 63
46 64
46 65
46 72
46 73
46 75
46 82
46 83
46 84
46 86
46 90
46 93
46 94
46 95
47 48
47 50
47 53
47 58
47 59
47 63
47 67
47 70
47 71
47 73
47 76
47 77
47 80
47 81
47 83
47 88
47 89
47 91
47 93
47 96
47 98
48 50
48 55
48 58
48 60
48 62
48 63
48 65
48 66
48 69
48 70
48 72
48 74
48 76
48 77
48 78
48 80
48 81
48 83
48 85
48 86
48 89
48 95
49 52
49 53
49 55
49 57
49 58
49 59
49 63
49 65
49 67
49 68
49 69
49 71
49 72
49 73
49 74
49 75
49 78
49 81
49 84
49 85
49 86
49 88
49 90
49 94
49 97
49 99
50 53
50 57
50 63
50 64
50 65
50 66
50 68
50 69
50 70
50 71
50 77
50 78
50 79
50 80
50 83
50 85
50 87
50 88
50 89
50 91
50 92
50 93
50 95
50 97
50 98
51 53
51 56
51 58
51 59
51 64
51 66
51 68
51 69
51 71
51 72
51 74
51 75
51 79
51 81
51 84
51 85
51 87
51 91
51 97
51 98
52 53
52 54
52 55
52 58
52 61
52 62
52 63
52 64
52 68
52 70
52 71
52 74
52 80
52 85
52 86
52 89
52 91
52 92
52 94
52 96
52 99
53 54
53 56
53 61
53 64
53 66
53 67
53 76
53 79
53 80
53 82
53 83
53 85
53 86
53 87
53 88
53 89
53 90
53 91
53 92
53 93
53 96
53 97
53 98
53 99
54 56
54 57
54 59
54 61
54 63
54 66
54 67
54 71
54 72
54 73
54 77
54 78
54 79
54 80
54 83
54 84
54 86
54 87
54 88
54 93
54 94
54 97
54 99
55 56
55 57
55 58
55 60
55 61
55 62
55 67
55 71
55 73
55 76
55 77
55 78
55 80
55 81
55 83
55 87
55 89
55 91
55 93
55 94
55 95
55 97
56 59
56 60
56 61
56 65
56 66
56 69
56 71
56 72
56 73
56 74
56 79
56 83
56 84
56 85
56 88
56 93
56 96
56 99
57 59
57 60
57 61
57 62
57 65
57 68
57 70
57 71
57 72
57 73
57 75
57 76
57 78
57 79
57 82
57 83
57 87
57 88
57 90
57 93
57 94
57 97
57 99
58 61
58 64
58 73
58 76
58 77
58 80
58 81
58 88
58 90
58 91
58 92
58 96
58 98
59 60
59 61
59 63
59 65
59 66
59 67
59 68
59 71
59 73
59 74
59 75
59 78
59 81
59 82
59 91
59 92
59 94
59 96
59 97
60 61
60 63
60 64
60 67
60 68
60 70
60 73
60 74
60 75
60 76
60 77
60 78
60 79
60 81
60 85
60 87
60 88
60 89
60 91
60 92
60 93
60 98
60 99
61 66
61 67
61 68
61 69
61 70
61 73
61 74
61 75
61 78
61 81
61 82
61 83
61 84
61 87
61 88
61 90
61 92
61 93
61 95
61 96
62 63
62 64
62 66
62 67
62 68
62 69
62 71
62 74
62 75
62 78
62 79
62 80
62 81
62 83
62 84
62 85
62 86
62 89
62 90
62 91
62 95
62 98
63 65
63 68
63 72
63 76
63 80
63 83
63 85
63 86
63 87
63 89
63 96
63 97
63 98
64 65
64 69
64 70
64 71
64 72
64 79
64 82
64 84
64 85
64 86
64 90
64 91
64 95
64 96
64 97
65 66
65 67
65 68
65 71
65 72
65 73
65 74
65 76
65 78
65 79
65 81
65 85
65 87
65 90
65 91
65 92
65 93
65 94
65 95
65 98
65 99
66 67
66 70
66 71
66 72
66 73
66 74
66 78
66 80
66 82
66 83
66 86
66 88
66 89
66 91
66 93
66 96
66 98
66 99
67 71
67 73
67 74
67 76
67 80
67 83
67 85
67 86
67 88
67 91
67 92
67 95
67 96
67 97
67 98
67 99
68 69
68 71
68 76
68 77
68 78
68 79
68 81
68 82
68 84
68 85
68 86
68 87
68 88
68 89
68 92
68 94
68 95
68 96
69 71
69 73
69 79
69 81
69 84
69 85
69 86
69 87
69 90
69 92
69 94
69 95
69 97
69 99
70 73
70 75
70 76
70 77
70 78
70 81
70 83
70 84
70 85
70 88
70 89
70 90
70 92
70 93
70 95
70 96
70 97
70 99
71 72
71 73
71 77
71 78
71 80
71 81
71 83
71 84
71 85
71 96
71 97
72 75
72 76
72 77
72 80
72 82
72 83
72 88
72 89
72 90
72 91
72 92
72 96
72 97
73 75
73 78
73 79
73 82
73 86
73 87
73 90
73 91
73 95
73 97
73 99
74 75
74 76
74 81
74 85
74 87
74 89
74 90
74 92
74 94
74 95
74 96
74 98
75 77
75 80
75 85
75 86
75 88
75 89
75 91
75 92
75 95
75 97
75 98
75 99
76 77
76 79
76 80
76 81
76 84
76 85
76 86
76 87
76 89
76 91
76 94
76 96
76 98
76 99
77 80
77 81
77 84
77 85
77 86
77 88
77 89
77 90
77 91
77 94
77 98
78 79
78 80
78 83
78 87
78 88
78 91
78 95
78 97
78 98
79 82
79 85
79 86
79 88
79 89
79 92
79 96
79 97
79 99
80 85
80 88
80 90
80 93
80 94
80 96
81 82
81 84
81 85
81 87
81 89
81 94
81 95
81 99
82 84
82 88
82 92
82 93
82 95
82 96
82 98
82 99
83 87
83 91
83 93
83 95
83 96
84 86
84 89
84 90
84 93
84 94
84 95
84 96
84 97
84 98
85 89
85 90
85 97
86 87
86 88
86 92
86 93
86 95
86 98
87 90
87 92
87 96
87 97
87 98
87 99
88 89
88 90
88 94
88 99
89 93
89 94
89 95
90 92
90 94
90 95
90 96
90 98
90 99
91 92
91 93
91 95
91 97
91 98
91 99
92 93
92 96
92 97
92 98
92 99
93 94
93 95
93 98
94 96
94 97
96 97
96 98
96 99
97 98
97 99
98 99
