100 2450 0.494949494949495 49 49
0 1
0 2
0 4
0 5
0 6
0 7
0 9
0 12
0 14
0 16
0 19
0 21
0 22
0 27
0 31
0 32
0 35
0 37
0 38
0 40
0 45
0 46
0 47
0 48
0 49
0 50
0 55
0 58
0 59
0 61
0 63
0 65
0 66
0 68
0 69
0 70
0 73
0 75
0 76
0 77
0 79
0 83
0 85
0 86
0 88
0 92
0 96
0 97
0 98
1 3
1 4
1 5
1 7
1 9
1 10
1 11
1 14
1 15
1 17
1 18
1 19
1 28
1 29
1 30
1 32
1 34
1 35
1 38
1 39
1 40
1 41
1 47
1 48
1 50
1 53
1 54
1 57
1 58
1 59
1 60
1 62
1 65
1 66
1 67
1 68
1 70
1 71
1 75
1 78
1 80
1 84
1 87
1 90
1 91
1 92
1 93
1 96
2 5
2 6
2 7
2 10
2 13
2 15
2 19
2 20
2 21
2 23
2 24
2 25
2 29
2 32
2 33
2 34
2 35
2 37
2 39
2 40
2 42
2 43
2 44
2 45
2 46
2 47
2 51
2 52
2 54
2 55
2 63
2 64
2 65
2 66
2 68
2 70
2 72
2 73
2 75
2 79
2 80
2 85
2 86
2 87
2 90
2 96
2 98
2 99
3 5
3 8
3 13
3 14
3 15
3 17
3 19
3 21
3 23
3 27
3 28
3 30
3 31
3 33
3 35
3 36
3 37
3 41
3 43
3 44
3 46
3 47
3 48
3 49
3 50
3 51
3 56
3 58
3 62
3 63
3 64
3 65
3 66
3 68
3 69
3 70
3 73
3 74
3 76
3 77
3 78
3 80
3 81
3 86
3 89
3 92
3 95
3 96
4 5
4 7
4 8
4 9
4 11
4 12
4 13
4 14
4 18
4 24
4 25
4 29
4 31
4 32
4 33
4 34
4 38
4 39
4 42
4 43
4 44
4 47
4 48
4 49
4 52
4 55
4 56
4 57
4 59
4 67
4 69
4 70
4 73
4 78
4 80
4 82
4 83
4 85
4 86
4 87
4 88
4 89
4 91
4 92
4 93
4 95
4 99
5 7
5 11
5 13
5 20
5 21
5 22
5 24
5 27
5 34
5 35
5 36
5 39
5 40
5 44
5 46
5 47
5 48
5 50
5 53
5 55
5 56
5 58
5 59
5 61
5 63
5 65
5 66
5 68
5 69
5 70
5 71
5 76
5 78
5 82
5 83
5 85
5 86
5 89
5 90
5 91
5 92
5 96
5 98
5 99
6 7
6 8
6 12
6 14
6 16
6 17
6 19
6 20
6 21
6 22
6 30
6 32
6 33
6 35
6 37
6 38
6 39
6 43
6 44
6 45
6 47
6 49
6 50
6 51
6 52
6 54
6 57
6 61
6 62
6 63
6 66
6 67
6 69
6 74
6 75
6 76
6 78
6 79
6 84
6 86
6 88
6 90
6 92
6 94
6 95
6 96
6 98
7 9
7 10
7 11
7 15
7 22
7 23
7 24
7 26
7 28
7 30
7 33
7 35
7 36
7 38
7 40
7 44
7 45
7 46
7 49
7 50
7 51
7 52
7 53
7 54
7 61
7 62
7 63
7 65
7 67
7 68
7 70
7 71
7 73
7 75
7 79
7 81
7 86
7 87
7 88
7 89
7 94
7 97
7 99
8 10
8 13
8 14
8 15
8 20
8 21
8 22
8 24
8 26
8 27
8 30
8 31
8 33
8 34
8 36
8 37
8 41
8 43
8 45
8 50
8 51
8 53
8 54
8 58
8 59
8 60
8 64
8 65
8 67
8 73
8 74
8 75
8 77
8 78
8 79
8 81
8 83
8 84
8 86
8 88
8 89
8 90
8 91
8 96
8 97
8 98
9 11
9 15
9 22
9 23
9 25
9 26
9 27
9 28
9 34
9 35
9 36
9 37
9 38
9 39
9 40
9 41
9 42
9 44
9 45
9 46
9 48
9 50
9 52
9 54
9 56
9 58
9 59
9 60
9 61
9 62
9 63
9 64
9 69
9 71
9 78
9 81
9 82
9 84
9 85
9 88
9 91
9 92
9 93
9 94
9 95
10 11
10 12
10 14
10 15
10 17
10 30
10 31
10 33
10 34
10 35
10 36
10 39
10 44
10 48
10 49
10 50
10 51
10 54
10 55
10 57
10 60
10 62
10 63
10 66
10 67
10 68
10 69
10 70
10 72
10 73
10 74
10 76
10 80
10 82
10 83
10 84
10 86
10 88
10 90
10 91
10 92
10 94
10 95
10 97
10 98
11 12
11 16
11 18
11 19
11 20
11 21
11 22
11 25
11 26
11 27
11 30
11 32
11 35
11 36
11 38
11 42
11 43
11 44
11 46
11 51
11 53
11 55
11 56
11 57
11 61
11 62
11 63
11 65
11 66
11 67
11 69
11 70
11 71
11 72
11 76
11 78
11 79
11 80
11 87
11 88
11 91
11 96
11 98
12 20
12 21
12 22
12 24
12 25
12 27
12 28
12 29
12 30
12 31
12 33
12 37
12 38
12 40
12 41
12 43
12 44
12 45
12 47
12 49
12 50
12 54
12 55
12 59
12 64
12 67
12 68
12 70
12 71
12 72
12 73
12 74
12 75
12 76
12 77
12 79
12 80
12 84
12 87
12 88
12 92
12 94
12 97
12 99
13 14
13 16
13 18
13 20
13 23
13 25
13 26
13 29
13 30
13 31
13 36
13 38
13 39
13 40
13 41
13 44
13 45
13 46
13 50
13 57
13 59
13 60
13 61
13 62
13 64
13 67
13 68
13 69
13 71
13 74
13 76
13 77
13 78
13 80
13 82
13 83
13 84
13 87
13 89
13 90
13 93
13 95
13 97
13 98
14 15
14 16
14 19
14 23
14 24
14 26
14 27
14 28
14 33
14 35
14 37
14 38
14 40
14 43
14 48
14 50
14 52
14 53
14 54
14 57
14 58
14 65
14 67
14 68
14 69
14 72
14 73
14 74
14 75
14 77
14 79
14 81
14 82
14 84
14 85
14 91
14 92
14 93
14 97
14 98
14 99
15 16
15 17
15 18
15 19
15 20
15 21
15 23
15 27
15 28
15 30
15 32
15 35
15 36
15 40
15 41
15 42
15 43
15 44
15 47
15 49
15 50
15 53
15 54
15 55
15 57
15 65
15 67
15 68
15 70
15 71
15 72
15 74
15 75
15 76
15 80
15 82
15 83
15 89
15 94
15 95
15 99
16 17
16 18
16 23
16 26
16 28
16 29
16 34
16 36
16 37
16 40
16 41
16 42
16 44
16 45
16 47
16 48
16 50
16 51
16 54
16 55
16 56
16 58
16 59
16 61
16 63
16 66
16 68
16 72
16 74
16 77
16 79
16 80
16 82
16 83
16 84
16 85
16 86
16 90
16 91
16 94
16 95
16 96
16 99
17 18
17 19
17 24
17 28
17 30
17 31
17 33
17 34
17 37
17 39
17 41
17 42
17 45
17 47
17 50
17 53
17 54
17 58
17 59
17 66
17 67
17 68
17 73
17 74
17 75
17 77
17 78
17 80
17 81
17 82
17 84
17 85
17 87
17 88
17 89
17 90
17 91
17 92
17 93
17 94
17 96
17 98
17 99
18 19
18 20
18 23
18 25
18 29
18 32
18 33
18 35
18 39
18 40
18 43
18 45
18 46
18 47
18 48
18 50
18 53
18 54
18 56
18 58
18 60
18 62
18 69
18 70
18 71
18 73
18 74
18 79
18 80
18 81
18 82
18 83
18 84
18 85
18 86
18 89
18 90
18 91
18 95
18 96
18 98
18 99
19 22
19 23
19 25
19 27
19 28
19 29
19 36
19 37
19 40
19 41
19 45
19 46
19 51
19 52
19 53
19 56
19 57
19 58
19 60
19 65
19 66
19 67
19 68
19 69
19 71
19 74
19 75
19 76
19 77
19 80
19 82
19 85
19 87
19 88
19 90
19 93
19 94
19 97
19 98
20 21
20 26
20 29
20 30
20 31
20 32
20 34
20 36
20 40
20 41
20 42
20 48
20 50
20 54
20 55
20 57
20 58
20 59
20 61
20 62
20 63
20 64
20 65
20 66
20 70
20 71
20 73
20 74
20 76
20 77
20 78
20 79
20 80
20 84
20 86
20 89
20 90
20 95
20 96
20 97
21 23
21 24
21 25
21 26
21 27
21 29
21 30
21 31
21 32
21 33
21 34
21 35
21 41
21 42
21 43
21 44
21 46
21 49
21 50
21 54
21 55
21 56
21 57
21 60
21 61
21 63
21 64
21 66
21 69
21 74
21 78
21 81
21 82
21 88
21 91
21 93
21 94
21 97
21 99
22 26
22 29
22 35
22 36
22 40
22 41
22 44
22 49
22 50
22 51
22 52
22 53
22 54
22 55
22 56
22 57
22 58
22 62
22 70
22 71
22 72
22 76
22 77
22 78
22 79
22 80
22 81
22 83
22 85
22 86
22 88
22 89
22 90
22 91
22 92
22 93
22 94
22 96
22 97
22 98
23 25
23 32
23 34
23 35
23 36
23 38
23 39
23 42
23 43
23 44
23 45
23 47
23 48
23 49
23 51
23 52
23 53
23 55
23 59
23 60
23 61
23 64
23 66
23 68
23 69
23 73
23 75
23 76
23 78
23 79
23 84
23 87
23 88
23 89
23 91
23 94
23 97
23 98
24 27
24 29
24 30
24 31
24 32
24 33
24 34
24 37
24 40
24 41
24 42
24 45
24 47
24 50
24 51
24 52
24 53
24 55
24 58
24 59
24 60
24 61
24 63
24 64
24 65
24 67
24 68
24 70
24 73
24 75
24 76
24 78
24 82
24 86
24 87
24 92
24 94
24 95
24 96
24 98
25 26
25 28
25 32
25 33
25 34
25 35
25 36
25 37
25 39
25 42
25 45
25 51
25 52
25 54
25 59
25 60
25 61
25 62
25 65
25 66
25 67
25 68
25 69
25 70
25 71
25 75
25 76
25 80
25 81
25 82
25 83
25 84
25 85
25 87
25 89
25 94
25 96
25 97
25 99
26 27
26 31
26 33
26 34
26 36
26 37
26 38
26 39
26 42
26 43
26 44
26 45
26 46
26 47
26 48
26 49
26 52
26 55
26 56
26 62
26 63
26 65
26 67
26 70
26 71
26 72
26 77
26 78
26 80
26 82
26 83
26 85
26 87
26 89
26 91
26 96
26 97
26 99
27 30
27 38
27 40
27 41
27 43
27 44
27 47
27 49
27 52
27 53
27 55
27 56
27 57
27 61
27 62
27 64
27 66
27 68
27 69
27 70
27 71
27 72
27 73
27 75
27 79
27 81
27 82
27 83
27 84
27 87
27 89
27 90
27 92
27 95
27 97
27 99
28 30
28 31
28 32
28 35
28 37
28 38
28 40
28 42
28 44
28 45
28 49
28 50
28 51
28 54
28 56
28 58
28 60
28 63
28 65
28 66
28 69
28 71
28 72
28 75
28 76
28 79
28 82
28 83
28 84
28 85
28 86
28 88
28 90
28 92
28 93
28 95
28 96
28 99
29 31
29 32
29 34
29 38
29 40
29 42
29 44
29 45
29 46
29 48
29 50
29 51
29 54
29 55
29 56
29 57
29 59
29 60
29 62
29 63
29 65
29 68
29 69
29 71
29 73
29 75
29 76
29 78
29 83
29 88
29 89
29 90
29 91
29 94
29 95
29 98
29 99
30 31
30 33
30 34
30 37
30 41
30 44
30 48
30 51
30 52
30 53
30 54
30 55
30 58
30 59
30 61
30 62
30 64
30 66
30 69
30 71
30 75
30 76
30 77
30 80
30 81
30 82
30 83
30 86
30 87
30 91
30 96
30 97
30 99
31 32
31 33
31 37
31 46
31 47
31 48
31 50
31 51
31 52
31 55
31 56
31 57
31 58
31 60
31 61
31 62
31 66
31 68
31 71
31 72
31 79
31 81
31 82
31 83
31 84
31 85
31 87
31 89
31 91
31 92
31 94
31 95
31 96
31 99
32 33
32 35
32 36
32 39
32 40
32 41
32 43
32 46
32 47
32 49
32 59
32 60
32 61
32 62
32 64
32 65
32 66
32 67
32 69
32 71
32 75
32 76
32 78
32 79
32 83
32 84
32 88
32 89
32 90
32 92
32 93
32 95
32 97
33 35
33 36
33 37
33 39
33 40
33 41
33 42
33 43
33 45
33 46
33 47
33 48
33 51
33 54
33 55
33 59
33 60
33 61
33 64
33 68
33 72
33 76
33 79
33 82
33 84
33 87
33 88
33 89
33 94
33 95
33 96
34 36
34 37
34 38
34 40
34 42
34 44
34 48
34 50
34 51
34 52
34 53
34 55
34 56
34 57
34 58
34 61
34 63
34 65
34 66
34 70
34 71
34 72
34 74
34 81
34 85
34 86
34 88
34 91
34 94
34 96
34 97
34 99
35 36
35 38
35 42
35 43
35 45
35 47
35 48
35 53
35 55
35 57
35 63
35 65
35 66
35 67
35 68
35 69
35 72
35 75
35 79
35 81
35 85
35 89
35 90
35 91
35 92
35 93
35 94
35 95
35 97
36 39
36 43
36 44
36 45
36 46
36 49
36 51
36 54
36 55
36 58
36 60
36 61
36 64
36 65
36 66
36 70
36 71
36 72
36 73
36 75
36 76
36 78
36 87
36 89
36 90
36 93
36 94
36 96
36 98
37 39
37 41
37 43
37 44
37 46
37 49
37 51
37 54
37 57
37 59
37 61
37 62
37 64
37 66
37 68
37 70
37 71
37 74
37 75
37 77
37 78
37 81
37 87
37 89
37 90
37 94
37 95
37 96
37 97
37 98
38 39
38 42
38 43
38 44
38 46
38 47
38 48
38 51
38 52
38 54
38 55
38 57
38 58
38 61
38 63
38 66
38 69
38 71
38 72
38 74
38 76
38 78
38 79
38 83
38 84
38 85
38 86
38 89
38 92
38 93
38 97
38 99
39 40
39 43
39 46
39 49
39 50
39 51
39 52
39 56
39 57
39 59
39 60
39 63
39 66
39 67
39 68
39 69
39 70
39 72
39 73
39 74
39 76
39 79
39 80
39 81
39 83
39 85
39 87
39 88
39 89
39 93
39 99
40 43
40 47
40 49
40 54
40 56
40 60
40 61
40 63
40 67
40 68
40 71
40 72
40 73
40 74
40 75
40 76
40 77
40 78
40 79
40 86
40 88
40 89
40 90
40 92
40 93
40 96
41 42
41 43
41 45
41 47
41 53
41 54
41 57
41 58
41 60
41 63
41 65
41 68
41 71
41 72
41 73
41 78
41 79
41 80
41 81
41 83
41 84
41 85
41 87
41 89
41 91
41 94
41 95
41 96
41 97
41 98
42 44
42 46
42 48
42 49
42 54
42 56
42 58
42 60
42 62
42 63
42 65
42 66
42 70
42 71
42 72
42 74
42 75
42 77
42 82
42 83
42 87
42 89
42 93
42 94
42 95
42 96
42 97
42 98
42 99
43 44
43 45
43 46
43 48
43 49
43 50
43 51
43 52
43 56
43 61
43 65
43 70
43 71
43 74
43 78
43 79
43 80
43 88
43 89
43 91
43 92
43 93
43 94
43 95
43 97
43 99
44 48
44 50
44 55
44 57
44 60
44 62
44 64
44 65
44 71
44 72
44 74
44 77
44 81
44 84
44 85
44 88
44 90
44 91
44 92
44 93
44 95
44 98
45 46
45 47
45 48
45 50
45 51
45 57
45 63
45 64
45 65
45 66
45 67
45 68
45 73
45 76
45 78
45 79
45 80
45 84
45 85
45 87
45 89
45 90
45 92
45 95
45 98
45 99
46 48
46 49
46 51
46 52
46 53
46 54
46 55
46 57
46 61
46 65
46 69
46 70
46 71
46 73
46 74
46 75
46 79
46 81
46 82
46 84
46 86
46 90
46 91
46 92
46 93
46 95
47 49
47 50
47 57
47 61
47 64
47 68
47 69
47 70
47 73
47 74
47 75
47 77
47 80
47 81
47 82
47 83
47 86
47 87
47 88
47 91
47 92
47 94
47 95
47 97
47 98
48 50
48 52
48 53
48 55
48 56
48 57
48 58
48 59
48 63
48 64
48 66
48 67
48 69
48 72
48 73
48 75
48 76
48 81
48 82
48 83
48 91
48 96
48 98
48 99
49 51
49 52
49 55
49 56
49 57
49 59
49 60
49 63
49 64
49 65
49 68
49 69
49 70
49 71
49 72
49 73
49 74
49 77
49 79
49 82
49 85
49 86
49 89
49 91
49 96
49 98
50 56
50 58
50 59
50 60
50 61
50 63
50 64
50 66
50 69
50 71
50 73
50 76
50 77
50 84
50 85
50 88
50 94
50 95
50 98
51 52
51 53
51 54
51 56
51 57
51 61
51 67
51 72
51 76
51 77
51 78
51 81
51 83
51 84
51 85
51 87
51 90
51 91
51 93
51 94
51 97
51 98
52 54
52 56
52 57
52 58
52 61
52 62
52 72
52 73
52 75
52 77
52 79
52 80
52 81
52 82
52 83
52 84
52 86
52 88
52 91
52 92
52 93
52 94
52 96
52 97
52 98
52 99
53 55
53 56
53 58
53 59
53 60
53 62
53 63
53 64
53 65
53 67
53 68
53 72
53 74
53 75
53 76
53 77
53 79
53 82
53 84
53 85
53 87
53 88
53 89
53 90
53 92
53 96
53 98
53 99
54 55
54 56
54 57
54 58
54 62
54 64
54 67
54 68
54 69
54 74
54 76
54 80
54 83
54 87
54 88
54 90
54 91
54 93
54 95
55 56
55 58
55 59
55 61
55 62
55 63
55 66
55 68
55 69
55 72
55 73
55 74
55 82
55 85
55 86
55 88
55 89
55 91
55 99
56 57
56 60
56 65
56 66
56 67
56 68
56 70
56 71
56 73
56 74
56 76
56 77
56 78
56 81
56 83
56 88
56 91
56 92
56 95
56 96
56 98
57 58
57 59
57 61
57 64
57 66
57 67
57 70
57 72
57 76
57 78
57 79
57 83
57 86
57 87
57 89
57 91
57 96
57 97
58 62
58 64
58 65
58 67
58 68
58 70
58 72
58 73
58 74
58 75
58 76
58 78
58 80
58 83
58 86
58 89
58 90
58 92
58 93
58 96
59 61
59 62
59 63
59 64
59 65
59 67
59 68
59 70
59 71
59 75
59 79
59 80
59 82
59 84
59 85
59 86
59 89
59 90
59 92
59 93
59 94
59 96
59 99
60 62
60 64
60 65
60 66
60 67
60 69
60 71
60 72
60 73
60 75
60 77
60 79
60 80
60 81
60 83
60 84
60 85
60 88
60 93
60 95
60 96
60 97
60 99
61 62
61 63
61 66
61 69
61 71
61 73
61 74
61 75
61 77
61 83
61 84
61 90
61 92
61 94
61 95
61 96
61 97
62 63
62 65
62 66
62 69
62 70
62 73
62 74
62 75
62 77
62 78
62 79
62 82
62 85
62 86
62 89
62 90
62 92
62 93
62 94
62 95
63 65
63 68
63 71
63 72
63 73
63 77
63 78
63 79
63 81
63 82
63 83
63 87
63 90
63 91
63 93
63 95
63 96
64 65
64 66
64 69
64 71
64 73
64 74
64 75
64 76
64 77
64 79
64 81
64 83
64 85
64 86
64 87
64 90
64 91
64 92
64 94
64 95
64 99
65 67
65 68
65 73
65 78
65 80
65 81
65 84
65 86
65 87
65 92
65 94
65 97
65 98
66 70
66 77
66 78
66 81
66 84
66 86
66 88
66 93
66 94
66 95
66 96
66 99
67 69
67 71
67 72
67 74
67 75
67 76
67 80
67 82
67 85
67 86
67 87
67 88
67 90
67 91
67 94
67 95
67 97
67 98
68 70
68 72
68 73
68 74
68 75
68 77
68 79
68 82
68 94
68 95
68 97
68 98
69 70
69 72
69 74
69 75
69 77
69 78
69 80
69 81
69 85
69 86
69 89
69 97
69 98
69 99
70 79
70 80
70 81
70 82
70 84
70 85
70 86
70 89
70 90
70 91
70 93
70 94
70 96
70 97
71 72
71 73
71 78
71 82
71 87
71 88
71 92
71 93
71 97
71 98
72 75
72 78
72 79
72 80
72 82
72 83
72 85
72 88
72 92
72 93
72 96
72 97
72 99
73 74
73 76
73 78
73 80
73 82
73 84
73 86
73 87
73 91
73 94
73 98
74 76
74 77
74 79
74 80
74 84
74 88
74 89
74 92
74 93
74 94
74 95
74 99
75 77
75 81
75 82
75 83
75 85
75 87
75 88
75 92
75 94
75 98
76 79
76 80
76 81
76 84
76 85
76 86
76 89
76 90
76 92
76 93
76 94
76 98
77 78
77 79
77 80
77 81
77 82
77 83
77 85
77 86
77 88
77 90
77 93
77 94
77 95
77 97
77 98
78 84
78 87
78 88
78 89
78 90
78 91
78 92
78 95
78 96
78 97
78 99
79 80
79 81
79 82
79 88
79 92
79 93
79 97
79 99
80 81
80 82
80 83
80 85
80 87
80 89
80 90
80 92
80 93
80 95
80 99
81 82
81 84
81 85
81 87
81 88
81 89
81 90
81 91
81 92
81 93
81 98
81 99
82 84
82 85
82 86
82 87
82 96
82 98
82 99
83 85
83 86
83 87
83 88
83 90
83 91
83 92
83 93
83 94
83 96
83 99
84 85
84 86
84 87
84 89
84 90
84 92
84 93
84 94
84 99
85 86
85 87
85 88
85 93
85 94
85 95
86 87
86 88
86 91
86 94
86 95
86 97
86 98
86 99
87 88
87 91
87 92
87 93
87 96
87 98
88 89
88 95
88 96
88 97
89 90
89 91
89 93
89 97
90 91
90 93
90 94
90 95
90 97
90 98
91 93
91 95
91 97
91 98
92 93
92 94
92 99
93 96
93 98
93 99
94 95
95 97
95 99
96 97
96 98
96 99
97 98
97 99
98 99
