100 2500 0.5050505050505051 50 50
0 2
0 3
0 4
0 7
0 8
0 11
0 14
0 15
0 16
0 17
0 18
0 19
0 24
0 25
0 28
0 29
0 30
0 33
0 35
0 41
0 42
0 43
0 44
0 45
0 46
0 50
0 51
0 56
0 57
0 59
0 61
0 62
0 63
0 65
0 66
0 68
0 69
0 70
0 71
0 72
0 74
0 76
0 77
0 78
0 83
0 89
0 90
0 92
0 94
0 99
1 2
1 4
1 7
1 10
1 15
1 21
1 23
1 24
1 25
1 27
1 28
1 31
1 32
1 33
1 35
1 39
1 41
1 43
1 44
1 46
1 48
1 49
1 50
1 55
1 56
1 59
1 60
1 63
1 68
1 69
1 70
1 71
1 72
1 74
1 75
1 76
1 77
1 78
1 79
1 80
1 81
1 82
1 84
1 85
1 88
1 89
1 91
1 92
1 93
1 97
2 5
2 6
2 9
2 10
2 11
2 12
2 14
2 17
2 19
2 21
2 26
2 27
2 28
2 30
2 32
2 33
2 34
2 35
2 39
2 40
2 41
2 51
2 53
2 56
2 57
2 58
2 61
2 62
2 63
2 64
2 65
2 66
2 69
2 71
2 74
2 77
2 78
2 81
2 83
2 84
2 85
2 86
2 88
2 90
2 95
2 97
2 98
2 99
3 6
3 9
3 11
3 12
3 13
3 15
3 16
3 17
3 18
3 19
3 22
3 25
3 32
3 33
3 38
3 39
3 41
3 42
3 44
3 45
3 46
3 47
3 49
3 51
3 52
3 58
3 61
3 62
3 63
3 65
3 67
3 74
3 75
3 76
3 77
3 79
3 81
3 82
3 84
3 85
3 86
3 87
3 88
3 90
3 91
3 92
3 93
3 95
3 98
4 7
4 10
4 11
4 13
4 15
4 17
4 19
4 20
4 21
4 24
4 30
4 31
4 32
4 33
4 35
4 37
4 38
4 39
4 40
4 45
4 46
4 48
4 49
4 51
4 52
4 56
4 58
4 60
4 62
4 63
4 67
4 70
4 75
4 76
4 77
4 78
4 79
4 80
4 81
4 83
4 84
4 86
4 87
4 90
4 92
4 95
4 96
4 99
5 6
5 7
5 9
5 10
5 14
5 15
5 16
5 17
5 18
5 20
5 21
5 22
5 24
5 25
5 26
5 32
5 34
5 35
5 36
5 38
5 39
5 41
5 43
5 45
5 48
5 49
5 50
5 51
5 53
5 54
5 58
5 60
5 62
5 63
5 64
5 65
5 67
5 73
5 74
5 80
5 86
5 88
5 89
5 90
5 91
5 92
5 93
5 94
5 95
6 10
6 13
6 16
6 17
6 19
6 20
6 21
6 23
6 27
6 28
6 29
6 30
6 31
6 32
6 35
6 37
6 40
6 42
6 43
6 44
6 50
6 52
6 54
6 56
6 57
6 60
6 61
6 62
6 64
6 65
6 67
6 68
6 71
6 73
6 74
6 76
6 79
6 80
6 81
6 82
6 86
6 87
6 89
6 90
6 92
6 93
6 99
7 9
7 10
7 11
7 12
7 17
7 18
7 19
7 22
7 23
7 25
7 26
7 27
7 29
7 30
7 31
7 34
7 39
7 45
7 46
7 47
7 48
7 49
7 50
7 53
7 54
7 56
7 57
7 58
7 59
7 60
7 62
7 64
7 65
7 66
7 67
7 71
7 78
7 79
7 81
7 85
7 87
7 88
7 89
7 92
7 98
7 99
8 9
8 10
8 11
8 12
8 13
8 15
8 16
8 18
8 19
8 20
8 21
8 22
8 23
8 24
8 27
8 28
8 30
8 34
8 37
8 38
8 42
8 43
8 44
8 45
8 46
8 52
8 53
8 55
8 57
8 60
8 64
8 66
8 67
8 70
8 71
8 73
8 74
8 75
8 80
8 83
8 85
8 86
8 90
8 92
8 93
8 94
8 96
8 97
8 99
9 12
9 13
9 17
9 18
9 19
9 22
9 23
9 26
9 27
9 28
9 30
9 33
9 34
9 36
9 38
9 40
9 41
9 44
9 45
9 47
9 48
9 53
9 54
9 55
9 58
9 61
9 62
9 63
9 65
9 66
9 70
9 73
9 75
9 78
9 79
9 80
9 81
9 82
9 83
9 85
9 88
9 91
9 93
9 95
9 97
10 12
10 15
10 16
10 17
10 18
10 19
10 20
10 24
10 26
10 27
10 28
10 30
10 31
10 32
10 36
10 38
10 40
10 41
10 43
10 50
10 51
10 53
10 56
10 60
10 61
10 64
10 65
10 66
10 68
10 69
10 70
10 71
10 72
10 78
10 79
10 81
10 86
10 88
10 89
10 91
10 92
10 95
10 98
11 12
11 15
11 20
11 22
11 25
11 26
11 27
11 29
11 35
11 36
11 37
11 38
11 39
11 40
11 41
11 42
11 43
11 44
11 47
11 49
11 51
11 52
11 53
11 56
11 63
11 68
11 69
11 72
11 74
11 77
11 79
11 80
11 81
11 82
11 84
11 85
11 87
11 89
11 90
11 91
11 92
11 94
11 96
11 97
12 14
12 17
12 18
12 19
12 20
12 22
12 23
12 24
12 26
12 28
12 32
12 34
12 35
12 37
12 39
12 40
12 46
12 47
12 48
12 49
12 50
12 51
12 52
12 54
12 56
12 57
12 58
12 60
12 62
12 66
12 69
12 70
12 72
12 75
12 82
12 85
12 86
12 87
12 94
12 96
12 97
12 98
12 99
13 17
13 18
13 20
13 21
13 22
13 25
13 26
13 27
13 29
13 30
13 34
13 36
13 37
13 38
13 41
13 42
13 44
13 46
13 47
13 49
13 50
13 51
13 54
13 56
13 58
13 59
13 61
13 63
13 64
13 68
13 70
13 72
13 73
13 79
13 81
13 83
13 84
13 87
13 88
13 91
13 94
13 96
13 97
13 98
13 99
14 15
14 19
14 20
14 21
14 23
14 24
14 25
14 26
14 27
14 28
14 30
14 31
14 34
14 36
14 38
14 40
14 42
14 45
14 48
14 50
14 52
14 55
14 58
14 59
14 62
14 63
14 64
14 65
14 66
14 68
14 70
14 71
14 73
14 74
14 75
14 76
14 80
14 81
14 84
14 86
14 90
14 91
14 94
14 96
14 97
14 99
15 16
15 20
15 21
15 22
15 23
15 24
15 26
15 28
15 29
15 31
15 32
15 33
15 36
15 37
15 38
15 39
15 41
15 47
15 49
15 51
15 52
15 54
15 55
15 59
15 61
15 68
15 69
15 70
15 74
15 76
15 77
15 80
15 82
15 85
15 87
15 89
15 90
15 91
15 93
15 94
15 97
16 17
16 18
16 19
16 21
16 24
16 25
16 27
16 32
16 34
16 35
16 36
16 40
16 41
16 42
16 45
16 46
16 49
16 54
16 55
16 58
16 59
16 61
16 62
16 66
16 67
16 68
16 69
16 70
16 71
16 73
16 74
16 76
16 77
16 80
16 82
16 84
16 86
16 88
16 89
16 91
16 92
16 95
16 99
17 19
17 20
17 22
17 24
17 25
17 27
17 29
17 31
17 33
17 36
17 37
17 38
17 41
17 46
17 47
17 49
17 50
17 51
17 53
17 55
17 56
17 64
17 65
17 66
17 67
17 68
17 70
17 72
17 76
17 80
17 82
17 83
17 85
17 88
17 90
17 91
17 97
17 99
18 19
18 20
18 21
18 23
18 24
18 26
18 27
18 28
18 31
18 34
18 35
18 39
18 41
18 45
18 47
18 52
18 54
18 58
18 61
18 62
18 63
18 65
18 67
18 68
18 69
18 72
18 74
18 76
18 79
18 86
18 87
18 88
18 89
18 90
18 91
18 92
18 93
18 94
18 95
18 98
19 24
19 25
19 26
19 29
19 31
19 38
19 39
19 40
19 41
19 44
19 45
19 46
19 47
19 48
19 50
19 54
19 55
19 57
19 58
19 59
19 63
19 64
19 70
19 77
19 78
19 79
19 80
19 81
19 88
19 89
19 90
19 91
19 92
19 94
19 95
19 99
20 21
20 23
20 27
20 28
20 32
20 33
20 36
20 39
20 40
20 43
20 46
20 51
20 53
20 55
20 57
20 58
20 59
20 61
20 63
20 65
20 68
20 70
20 71
20 73
20 74
20 75
20 76
20 78
20 79
20 81
20 82
20 88
20 89
20 91
20 92
20 93
20 96
20 97
21 22
21 23
21 24
21 25
21 26
21 29
21 34
21 35
21 36
21 37
21 39
21 40
21 41
21 43
21 49
21 50
21 51
21 52
21 58
21 59
21 61
21 69
21 70
21 72
21 74
21 81
21 82
21 83
21 85
21 86
21 89
21 91
21 92
21 93
21 95
21 96
21 98
21 99
22 23
22 24
22 29
22 30
22 34
22 36
22 37
22 38
22 39
22 41
22 42
22 44
22 45
22 48
22 49
22 50
22 51
22 53
22 54
22 55
22 56
22 59
22 61
22 62
22 64
22 65
22 66
22 68
22 69
22 70
22 78
22 83
22 87
22 89
22 91
22 93
22 96
22 97
22 98
23 28
23 29
23 32
23 33
23 34
23 35
23 36
23 37
23 38
23 39
23 46
23 47
23 49
23 50
23 51
23 56
23 59
23 60
23 61
23 64
23 67
23 69
23 73
23 74
23 75
23 76
23 77
23 79
23 82
23 83
23 84
23 86
23 87
23 89
23 90
23 91
23 94
23 97
24 25
24 29
24 30
24 34
24 36
24 38
24 41
24 42
24 43
24 44
24 45
24 46
24 48
24 50
24 52
24 53
24 59
24 64
24 66
24 69
24 70
24 71
24 72
24 78
24 83
24 84
24 86
24 87
24 91
24 93
24 94
24 95
24 96
24 97
24 99
25 26
25 28
25 30
25 32
25 34
25 35
25 37
25 39
25 44
25 45
25 48
25 49
25 50
25 51
25 53
25 54
25 58
25 61
25 65
25 67
25 69
25 70
25 71
25 72
25 73
25 76
25 78
25 79
25 82
25 83
25 84
25 87
25 88
25 90
25 94
25 95
25 97
26 28
26 29
26 32
26 33
26 35
26 36
26 37
26 38
26 40
26 41
26 43
26 45
26 46
26 47
26 50
26 51
26 53
26 55
26 59
26 61
26 64
26 66
26 67
26 69
26 70
26 72
26 74
26 76
26 77
26 78
26 86
26 87
26 88
26 89
26 96
26 97
27 29
27 32
27 34
27 35
27 36
27 40
27 43
27 44
27 45
27 50
27 53
27 55
27 57
27 60
27 62
27 63
27 64
27 65
27 66
27 67
27 70
27 71
27 73
27 80
27 81
27 82
27 84
27 85
27 86
27 88
27 91
27 92
27 93
27 95
27 96
27 99
28 33
28 35
28 37
28 38
28 39
28 41
28 42
28 44
28 45
28 46
28 47
28 49
28 52
28 55
28 57
28 59
28 60
28 66
28 69
28 71
28 72
28 74
28 75
28 76
28 80
28 81
28 82
28 84
28 86
28 87
28 88
28 94
28 95
28 97
28 99
29 31
29 39
29 41
29 44
29 50
29 51
29 52
29 53
29 54
29 56
29 57
29 58
29 60
29 62
29 64
29 67
29 69
29 70
29 72
29 73
29 75
29 76
29 77
29 78
29 80
29 82
29 84
29 85
29 87
29 89
29 92
29 93
29 94
29 95
29 96
29 99
30 32
30 35
30 38
30 39
30 40
30 43
30 46
30 47
30 49
30 54
30 55
30 56
30 58
30 62
30 63
30 64
30 69
30 72
30 73
30 74
30 75
30 76
30 77
30 79
30 80
30 81
30 83
30 84
30 85
30 87
30 90
30 91
30 93
30 95
30 97
30 98
30 99
31 34
31 36
31 37
31 38
31 39
31 40
31 41
31 42
31 45
31 46
31 48
31 49
31 50
31 51
31 53
31 56
31 57
31 58
31 59
31 60
31 63
31 68
31 71
31 73
31 74
31 75
31 76
31 77
31 78
31 83
31 85
31 86
31 87
31 88
31 90
31 94
31 95
31 96
31 99
32 33
32 35
32 36
32 37
32 38
32 40
32 41
32 43
32 49
32 56
32 57
32 59
32 61
32 62
32 63
32 64
32 65
32 68
32 69
32 70
32 71
32 74
32 76
32 77
32 83
32 84
32 86
32 87
32 88
32 89
32 90
32 91
32 94
32 96
33 34
33 36
33 37
33 38
33 40
33 41
33 42
33 44
33 48
33 49
33 50
33 54
33 56
33 57
33 58
33 61
33 64
33 65
33 67
33 68
33 69
33 70
33 71
33 72
33 73
33 75
33 81
33 82
33 83
33 84
33 86
33 87
33 88
33 92
33 95
33 97
33 99
34 37
34 44
34 46
34 48
34 49
34 50
34 51
34 54
34 55
34 56
34 57
34 58
34 59
34 63
34 64
34 65
34 66
34 71
34 72
34 75
34 79
34 83
34 85
34 88
34 89
34 90
34 92
34 93
34 94
34 96
34 98
34 99
35 36
35 37
35 38
35 40
35 42
35 47
35 48
35 49
35 51
35 53
35 54
35 55
35 56
35 57
35 58
35 61
35 62
35 65
35 69
35 70
35 73
35 77
35 79
35 83
35 84
35 85
35 88
35 89
35 92
35 93
35 97
35 98
36 38
36 41
36 42
36 43
36 44
36 47
36 52
36 55
36 56
36 57
36 59
36 61
36 63
36 64
36 66
36 67
36 68
36 74
36 75
36 76
36 79
36 83
36 85
36 88
36 91
36 92
36 93
36 95
36 97
36 99
37 38
37 39
37 42
37 43
37 45
37 47
37 49
37 50
37 51
37 52
37 58
37 59
37 60
37 66
37 67
37 68
37 69
37 74
37 75
37 76
37 82
37 85
37 88
37 89
37 90
37 91
37 93
37 94
37 96
37 98
37 99
38 39
38 43
38 48
38 49
38 52
38 53
38 57
38 59
38 60
38 62
38 65
38 66
38 67
38 68
38 70
38 71
38 73
38 77
38 79
38 80
38 84
38 85
38 87
38 96
38 98
38 99
39 40
39 42
39 43
39 44
39 53
39 54
39 58
39 62
39 63
39 64
39 65
39 67
39 68
39 70
39 75
39 76
39 77
39 78
39 81
39 83
39 86
39 87
39 89
39 90
39 91
39 93
39 98
39 99
40 41
40 42
40 43
40 44
40 47
40 51
40 52
40 53
40 56
40 58
40 63
40 64
40 65
40 66
40 68
40 69
40 72
40 73
40 74
40 78
40 80
40 81
40 82
40 85
40 87
40 91
40 92
40 93
40 95
40 97
41 42
41 43
41 49
41 50
41 51
41 54
41 58
41 59
41 61
41 66
41 67
41 68
41 70
41 73
41 75
41 78
41 80
41 81
41 86
41 87
41 88
41 93
41 96
41 98
41 99
42 43
42 44
42 46
42 48
42 49
42 50
42 51
42 53
42 54
42 55
42 58
42 59
42 60
42 62
42 63
42 65
42 68
42 69
42 72
42 76
42 78
42 79
42 80
42 81
42 84
42 87
42 88
42 92
42 94
42 97
42 99
43 44
43 45
43 46
43 47
43 48
43 53
43 56
43 58
43 59
43 60
43 61
43 62
43 69
43 70
43 71
43 72
43 75
43 77
43 78
43 79
43 81
43 83
43 84
43 85
43 86
43 88
43 92
43 94
43 96
44 45
44 47
44 50
44 52
44 54
44 55
44 56
44 60
44 62
44 63
44 64
44 65
44 67
44 68
44 72
44 73
44 75
44 76
44 78
44 79
44 80
44 81
44 82
44 85
44 94
44 95
44 96
44 99
45 46
45 47
45 48
45 52
45 53
45 56
45 59
45 60
45 61
45 62
45 66
45 67
45 71
45 72
45 73
45 78
45 80
45 82
45 84
45 85
45 86
45 89
45 90
45 91
45 92
45 93
45 94
45 97
45 98
46 48
46 50
46 52
46 54
46 55
46 56
46 58
46 59
46 63
46 64
46 67
46 69
46 70
46 71
46 72
46 74
46 75
46 79
46 81
46 82
46 85
46 87
46 88
46 93
46 94
46 95
46 98
46 99
47 49
47 50
47 52
47 53
47 54
47 55
47 56
47 57
47 60
47 61
47 62
47 63
47 64
47 65
47 69
47 71
47 72
47 75
47 76
47 78
47 80
47 84
47 87
47 88
47 93
47 94
47 95
47 96
47 98
48 51
48 52
48 54
48 55
48 57
48 58
48 59
48 61
48 62
48 63
48 64
48 65
48 66
48 68
48 69
48 70
48 71
48 73
48 78
48 80
48 81
48 83
48 85
48 91
48 92
48 93
48 95
48 96
48 97
48 98
49 50
49 51
49 55
49 60
49 63
49 66
49 67
49 68
49 72
49 74
49 76
49 77
49 80
49 82
49 83
49 85
49 86
49 88
49 91
49 93
49 94
49 96
49 97
50 51
50 58
50 60
50 65
50 67
50 68
50 72
50 73
50 78
50 82
50 83
50 84
50 86
50 87
50 89
50 90
50 91
50 94
50 96
50 97
50 98
51 53
51 54
51 55
51 56
51 58
51 62
51 63
51 67
51 71
51 73
51 75
51 76
51 78
51 79
51 83
51 85
51 87
51 88
51 90
51 91
51 95
51 99
52 53
52 54
52 56
52 59
52 60
52 62
52 65
52 66
52 69
52 71
52 72
52 73
52 74
52 75
52 76
52 77
52 79
52 80
52 82
52 84
52 85
52 86
52 88
52 89
52 94
52 95
52 97
52 98
53 54
53 57
53 58
53 60
53 61
53 63
53 68
53 69
53 70
53 75
53 76
53 81
53 82
53 84
53 85
53 86
53 89
53 90
53 91
53 92
53 93
53 94
53 98
53 99
54 56
54 57
54 58
54 59
54 62
54 64
54 66
54 67
54 71
54 72
54 73
54 75
54 76
54 77
54 82
54 83
54 84
54 85
54 90
54 92
54 95
54 96
54 97
55 56
55 60
55 62
55 63
55 65
55 66
55 67
55 68
55 70
55 72
55 74
55 75
55 76
55 77
55 78
55 80
55 82
55 83
55 84
55 88
55 90
55 92
55 93
55 96
55 98
55 99
56 58
56 59
56 65
56 67
56 69
56 70
56 71
56 73
56 76
56 77
56 79
56 89
56 91
56 92
56 93
56 94
56 96
56 97
56 98
57 58
57 60
57 61
57 64
57 65
57 66
57 67
57 68
57 70
57 72
57 73
57 77
57 78
57 79
57 80
57 81
57 82
57 83
57 85
57 86
57 87
57 90
57 91
57 92
57 95
57 96
57 97
57 98
58 61
58 62
58 63
58 64
58 66
58 70
58 74
58 77
58 78
58 79
58 85
58 86
58 89
58 95
58 96
59 60
59 62
59 63
59 64
59 66
59 68
59 70
59 71
59 72
59 73
59 83
59 84
59 90
59 91
59 92
59 93
59 94
59 95
59 97
59 98
60 61
60 65
60 70
60 72
60 73
60 75
60 76
60 77
60 78
60 79
60 80
60 81
60 83
60 84
60 85
60 86
60 87
60 88
60 90
60 93
60 94
60 95
60 96
61 65
61 66
61 67
61 71
61 75
61 77
61 78
61 81
61 82
61 83
61 84
61 85
61 88
61 89
61 90
61 93
61 94
61 95
61 96
61 98
61 99
62 65
62 66
62 67
62 68
62 69
62 72
62 73
62 74
62 75
62 78
62 83
62 84
62 86
62 87
62 89
62 90
62 97
62 98
63 64
63 66
63 67
63 68
63 70
63 71
63 72
63 74
63 81
63 83
63 84
63 87
63 88
63 92
63 94
63 96
63 97
63 98
64 65
64 67
64 72
64 73
64 74
64 75
64 76
64 77
64 78
64 79
64 83
64 86
64 88
64 90
64 91
64 95
64 97
64 98
65 66
65 67
65 69
65 72
65 76
65 78
65 79
65 80
65 86
65 87
65 89
65 92
65 94
65 96
65 98
66 68
66 71
66 74
66 77
66 79
66 80
66 81
66 82
66 85
66 87
66 90
66 92
66 94
66 96
66 98
66 99
67 72
67 73
67 76
67 77
67 78
67 81
67 82
67 84
67 85
67 87
67 88
67 94
67 95
67 98
67 99
68 71
68 74
68 75
68 76
68 77
68 79
68 80
68 81
68 83
68 85
68 88
68 89
68 95
68 96
68 98
68 99
69 70
69 73
69 75
69 77
69 79
69 80
69 82
69 83
69 85
69 86
69 90
69 91
69 92
69 93
69 95
69 96
69 98
70 73
70 75
70 76
70 81
70 83
70 87
70 89
70 90
70 95
70 97
70 99
71 72
71 73
71 77
71 78
71 80
71 82
71 85
71 87
71 88
71 89
71 90
71 92
71 93
71 96
71 97
71 98
71 99
72 74
72 75
72 76
72 77
72 78
72 80
72 81
72 86
72 92
72 93
72 96
72 99
73 74
73 75
73 76
73 77
73 78
73 79
73 80
73 81
73 82
73 85
73 86
73 91
73 93
73 98
74 75
74 76
74 78
74 79
74 80
74 81
74 83
74 84
74 86
74 89
74 90
74 91
74 93
74 94
74 98
75 76
75 79
75 81
75 82
75 83
75 84
75 85
75 88
75 94
75 96
75 97
75 98
76 77
76 79
76 81
76 86
76 89
76 93
76 98
76 99
77 78
77 79
77 80
77 81
77 82
77 83
77 84
77 86
77 89
77 91
77 95
77 97
77 99
78 79
78 81
78 83
78 84
78 85
78 87
78 89
78 92
78 93
78 95
79 80
79 83
79 86
79 87
79 88
79 89
79 91
79 95
79 97
79 98
80 81
80 83
80 88
80 90
80 91
80 92
80 93
80 94
80 95
80 97
80 99
81 86
81 88
81 92
81 95
81 97
81 98
81 99
82 84
82 87
82 88
82 89
82 90
82 91
82 92
82 93
82 94
82 95
82 96
82 97
82 98
83 84
83 86
83 87
83 89
83 92
83 93
83 97
84 85
84 87
84 88
84 89
84 92
84 93
84 94
84 96
84 97
84 99
85 86
85 87
85 89
85 90
85 95
85 96
86 90
86 91
86 92
86 95
86 98
86 99
87 89
87 90
87 94
87 95
87 97
87 98
88 91
88 93
88 95
88 99
89 90
89 92
89 93
89 96
89 98
89 99
90 91
90 92
90 94
90 96
90 97
90 99
91 92
91 94
91 96
91 98
91 99
92 94
92 95
93 94
93 95
93 97
93 98
94 96
94 97
94 99
95 96
96 97
96 98
