100 2550 0.5151515151515151 51 51
0 2
0 5
0 8
0 9
0 10
0 11
0 12
0 13
0 15
0 16
0 17
0 19
0 20
0 21
0 23
0 24
0 25
0 27
0 29
0 30
0 33
0 35
0 36
0 38
0 39
0 40
0 42
0 44
0 45
0 48
0 49
0 52
0 53
0 55
0 58
0 64
0 66
0 67
0 69
0 75
0 76
0 80
0 81
0 83
0 84
0 89
0 90
0 91
0 93
0 94
0 98
1 2
1 3
1 4
1 5
1 7
1 8
1 11
1 13
1 14
1 15
1 16
1 17
1 19
1 25
1 27
1 28
1 30
1 31
1 34
1 35
1 36
1 41
1 44
1 47
1 48
1 49
1 52
1 54
1 56
1 57
1 59
1 61
1 63
1 67
1 68
1 70
1 71
1 72
1 74
1 77
1 78
1 80
1 81
1 82
1 83
1 86
1 88
1 93
1 95
1 96
1 98
2 3
2 7
2 8
2 9
2 12
2 14
2 16
2 18
2 19
2 20
2 22
2 24
2 26
2 30
2 31
2 32
2 34
2 36
2 38
2 41
2 44
2 45
2 46
2 50
2 51
2 52
2 54
2 55
2 57
2 59
2 61
2 64
2 65
2 67
2 69
2 70
2 71
2 78
2 83
2 84
2 85
2 86
2 90
2 91
2 92
2 93
2 94
2 95
2 99
3 7
3 9
3 10
3 13
3 14
3 16
3 17
3 19
3 22
3 23
3 24
3 25
3 26
3 28
3 30
3 31
3 32
3 35
3 36
3 38
3 43
3 44
3 47
3 48
3 49
3 51
3 52
3 53
3 57
3 61
3 63
3 65
3 66
3 67
3 71
3 72
3 75
3 77
3 80
3 82
3 83
3 85
3 86
3 87
3 90
3 91
3 92
3 96
3 97
4 5
4 11
4 12
4 13
4 16
4 17
4 18
4 21
4 22
4 23
4 25
4 27
4 29
4 30
4 31
4 32
4 34
4 35
4 36
4 37
4 38
4 46
4 49
4 51
4 54
4 56
4 58
4 60
4 61
4 63
4 64
4 66
4 67
4 71
4 72
4 76
4 77
4 79
4 80
4 81
4 82
4 83
4 86
4 87
4 88
4 89
4 94
4 95
4 96
4 98
5 7
5 13
5 16
5 19
5 21
5 23
5 24
5 27
5 30
5 33
5 34
5 35
5 38
5 39
5 43
5 46
5 47
5 48
5 49
5 50
5 53
5 54
5 56
5 58
5 60
5 65
5 66
5 67
5 68
5 69
5 70
5 71
5 73
5 74
5 75
5 79
5 80
5 81
5 83
5 84
5 86
5 87
5 88
5 89
5 90
5 94
5 97
5 99
6 7
6 10
6 13
6 14
6 15
6 16
6 17
6 23
6 24
6 25
6 26
6 29
6 30
6 34
6 36
6 38
6 39
6 40
6 41
6 44
6 47
6 48
6 51
6 52
6 54
6 55
6 57
6 58
6 59
6 60
6 62
6 64
6 65
6 66
6 70
6 71
6 72
6 78
6 80
6 83
6 84
6 86
6 88
6 90
6 91
6 93
6 94
6 95
6 96
6 98
6 99
7 8
7 11
7 12
7 13
7 14
7 18
7 19
7 21
7 25
7 28
7 32
7 33
7 34
7 37
7 40
7 41
7 42
7 46
7 49
7 53
7 54
7 55
7 57
7 59
7 60
7 62
7 63
7 64
7 65
7 67
7 69
7 71
7 72
7 74
7 75
7 76
7 83
7 84
7 85
7 86
7 87
7 89
7 91
7 92
7 94
7 99
8 9
8 10
8 12
8 15
8 16
8 18
8 19
8 21
8 22
8 24
8 25
8 27
8 28
8 30
8 31
8 33
8 36
8 40
8 41
8 42
8 45
8 46
8 47
8 48
8 51
8 57
8 59
8 60
8 64
8 66
8 68
8 73
8 74
8 76
8 78
8 79
8 82
8 83
8 84
8 85
8 87
8 88
8 91
8 92
8 96
8 98
8 99
9 10
9 14
9 17
9 19
9 20
9 23
9 24
9 25
9 26
9 29
9 32
9 33
9 36
9 37
9 39
9 40
9 42
9 43
9 44
9 45
9 46
9 50
9 51
9 52
9 53
9 54
9 55
9 56
9 59
9 61
9 62
9 63
9 65
9 68
9 72
9 74
9 75
9 79
9 81
9 83
9 84
9 85
9 87
9 88
9 89
9 93
9 94
10 12
10 13
10 15
10 16
10 18
10 25
10 26
10 27
10 29
10 30
10 31
10 34
10 35
10 38
10 40
10 47
10 49
10 51
10 52
10 53
10 54
10 55
10 56
10 64
10 65
10 67
10 68
10 70
10 71
10 73
10 74
10 75
10 76
10 77
10 79
10 81
10 84
10 85
10 86
10 88
10 89
10 90
10 91
10 93
10 95
10 96
11 12
11 15
11 20
11 23
11 26
11 28
11 29
11 30
11 31
11 32
11 33
11 34
11 35
11 36
11 37
11 39
11 40
11 41
11 42
11 46
11 47
11 49
11 55
11 57
11 58
11 59
11 61
11 63
11 65
11 69
11 70
11 72
11 74
11 75
11 77
11 79
11 80
11 81
11 82
11 84
11 85
11 86
11 87
11 88
11 91
11 95
11 97
12 13
12 14
12 15
12 16
12 17
12 18
12 19
12 20
12 26
12 29
12 32
12 33
12 34
12 35
12 42
12 45
12 47
12 49
12 50
12 51
12 52
12 53
12 55
12 56
12 58
12 60
12 64
12 65
12 66
12 67
12 69
12 70
12 72
12 74
12 78
12 79
12 80
12 81
12 83
12 88
12 89
12 91
12 96
12 98
13 14
13 17
13 18
13 19
13 20
13 23
13 24
13 25
13 27
13 28
13 29
13 31
13 35
13 38
13 39
13 41
13 43
13 44
13 49
13 53
13 56
13 57
13 59
13 61
13 62
13 65
13 66
13 67
13 68
13 69
13 74
13 75
13 76
13 79
13 80
13 83
13 86
13 88
13 91
13 93
13 95
13 98
14 18
14 19
14 21
14 22
14 35
14 36
14 37
14 38
14 39
14 40
14 41
14 44
14 46
14 47
14 50
14 51
14 52
14 55
14 58
14 59
14 60
14 62
14 67
14 68
14 69
14 70
14 71
14 77
14 78
14 79
14 80
14 83
14 84
14 87
14 88
14 89
14 90
14 91
14 92
14 93
14 94
14 96
14 97
15 16
15 18
15 20
15 21
15 23
15 24
15 25
15 28
15 30
15 31
15 32
15 33
15 34
15 37
15 42
15 43
15 48
15 50
15 53
15 57
15 58
15 59
15 60
15 64
15 68
15 69
15 70
15 71
15 72
15 73
15 74
15 75
15 78
15 81
15 82
15 84
15 87
15 89
15 92
15 93
15 94
15 96
15 98
15 99
16 17
16 19
16 20
16 21
16 24
16 26
16 27
16 28
16 30
16 32
16 34
16 42
16 43
16 44
16 45
16 47
16 48
16 49
16 50
16 53
16 55
16 60
16 63
16 64
16 69
16 70
16 72
16 77
16 78
16 80
16 84
16 86
16 87
16 90
16 92
16 93
16 94
16 95
16 96
16 98
17 18
17 21
17 26
17 27
17 28
17 29
17 30
17 33
17 34
17 35
17 38
17 40
17 41
17 42
17 43
17 46
17 48
17 50
17 54
17 55
17 56
17 57
17 62
17 64
17 66
17 67
17 70
17 73
17 74
17 75
17 77
17 79
17 82
17 84
17 85
17 86
17 87
17 90
17 94
17 95
17 96
17 99
18 19
18 20
18 21
18 22
18 23
18 25
18 29
18 30
18 32
18 34
18 35
18 37
18 40
18 42
18 43
18 46
18 47
18 51
18 52
18 55
18 57
18 58
18 59
18 60
18 61
18 63
18 66
18 68
18 75
18 76
18 79
18 80
18 81
18 83
18 84
18 92
18 93
18 94
18 95
18 96
18 99
19 20
19 22
19 23
19 26
19 29
19 31
19 42
19 43
19 44
19 46
19 48
19 49
19 50
19 51
19 54
19 55
19 57
19 59
19 61
19 62
19 63
19 64
19 66
19 68
19 73
19 75
19 76
19 77
19 78
19 79
19 85
19 90
19 92
19 93
19 94
19 95
19 98
19 99
20 26
20 29
20 30
20 34
20 35
20 36
20 37
20 39
20 40
20 41
20 42
20 45
20 47
20 48
20 49
20 50
20 51
20 52
20 55
20 56
20 57
20 60
20 64
20 65
20 67
20 68
20 72
20 73
20 75
20 80
20 82
20 83
20 84
20 88
20 89
20 90
20 91
20 92
20 93
20 94
20 99
21 22
21 24
21 25
21 26
21 27
21 29
21 31
21 33
21 36
21 38
21 46
21 47
21 48
21 50
21 51
21 52
21 53
21 54
21 56
21 58
21 61
21 62
21 64
21 66
21 68
21 70
21 71
21 72
21 73
21 74
21 75
21 77
21 79
21 80
21 81
21 91
21 93
21 94
21 95
21 97
21 99
22 23
22 25
22 27
22 28
22 32
22 33
22 34
22 36
22 37
22 38
22 39
22 40
22 41
22 43
22 46
22 49
22 51
22 52
22 54
22 55
22 56
22 62
22 63
22 66
22 70
22 73
22 74
22 75
22 78
22 79
22 80
22 81
22 84
22 85
22 86
22 87
22 90
22 92
22 93
22 96
22 97
22 98
22 99
23 24
23 25
23 26
23 32
23 34
23 35
23 36
23 37
23 39
23 40
23 45
23 46
23 48
23 49
23 50
23 51
23 53
23 54
23 57
23 61
23 63
23 64
23 67
23 68
23 69
23 72
23 74
23 75
23 76
23 78
23 80
23 85
23 86
23 87
23 89
23 90
23 91
23 94
23 97
24 25
24 27
24 28
24 35
24 36
24 38
24 39
24 40
24 41
24 45
24 46
24 47
24 48
24 49
24 51
24 54
24 55
24 56
24 58
24 59
24 60
24 61
24 62
24 63
24 66
24 71
24 72
24 77
24 78
24 82
24 85
24 86
24 87
24 90
24 93
24 94
24 97
24 98
24 99
25 26
25 27
25 30
25 31
25 34
25 35
25 36
25 37
25 38
25 39
25 40
25 44
25 47
25 48
25 51
25 52
25 56
25 57
25 60
25 62
25 66
25 69
25 71
25 76
25 77
25 78
25 80
25 84
25 86
25 87
25 88
25 92
25 94
25 98
25 99
26 28
26 29
26 30
26 33
26 34
26 39
26 41
26 42
26 43
26 44
26 45
26 46
26 47
26 48
26 50
26 51
26 54
26 55
26 59
26 60
26 62
26 65
26 66
26 68
26 70
26 75
26 77
26 78
26 79
26 80
26 81
26 86
26 89
26 90
26 93
26 96
26 99
27 28
27 29
27 30
27 32
27 33
27 34
27 35
27 36
27 38
27 39
27 41
27 42
27 43
27 45
27 46
27 47
27 50
27 58
27 60
27 62
27 64
27 65
27 66
27 67
27 69
27 70
27 73
27 74
27 77
27 78
27 84
27 89
27 91
27 93
27 96
27 97
27 98
27 99
28 29
28 33
28 34
28 39
28 41
28 42
28 44
28 45
28 46
28 49
28 50
28 51
28 57
28 58
28 59
28 61
28 64
28 68
28 69
28 70
28 72
28 74
28 76
28 77
28 78
28 79
28 80
28 82
28 83
28 88
28 89
28 90
28 92
28 93
28 95
28 96
28 97
28 98
29 30
29 31
29 32
29 38
29 40
29 44
29 46
29 50
29 52
29 54
29 58
29 59
29 60
29 62
29 63
29 65
29 66
29 68
29 71
29 72
29 73
29 75
29 76
29 78
29 82
29 83
29 85
29 87
29 89
29 90
29 91
29 92
29 93
29 94
29 99
30 34
30 35
30 36
30 37
30 38
30 43
30 45
30 46
30 48
30 50
30 51
30 53
30 55
30 62
30 66
30 67
30 70
30 71
30 76
30 81
30 82
30 83
30 87
30 88
30 89
30 90
30 91
30 92
30 94
30 95
30 96
30 97
31 32
31 33
31 34
31 35
31 36
31 37
31 38
31 42
31 45
31 46
31 48
31 49
31 50
31 51
31 52
31 57
31 59
31 60
31 61
31 63
31 66
31 67
31 68
31 69
31 72
31 73
31 75
31 76
31 78
31 79
31 80
31 83
31 86
31 90
31 91
31 95
31 96
31 99
32 33
32 34
32 36
32 37
32 39
32 41
32 42
32 48
32 49
32 55
32 56
32 58
32 60
32 61
32 62
32 63
32 64
32 67
32 68
32 69
32 71
32 72
32 73
32 75
32 76
32 79
32 80
32 81
32 85
32 86
32 87
32 91
32 92
32 93
32 97
32 98
33 38
33 39
33 42
33 43
33 45
33 49
33 50
33 51
33 52
33 53
33 55
33 58
33 64
33 66
33 67
33 68
33 70
33 72
33 73
33 74
33 75
33 76
33 77
33 78
33 79
33 82
33 83
33 84
33 85
33 89
33 93
33 95
33 96
33 97
33 99
34 37
34 44
34 47
34 51
34 52
34 54
34 55
34 57
34 59
34 60
34 61
34 65
34 66
34 69
34 70
34 71
34 73
34 74
34 77
34 79
34 82
34 84
34 86
34 88
34 93
34 94
34 96
34 97
35 36
35 39
35 40
35 44
35 46
35 47
35 48
35 50
35 53
35 54
35 56
35 57
35 58
35 59
35 60
35 66
35 67
35 68
35 70
35 71
35 74
35 75
35 77
35 80
35 82
35 84
35 86
35 88
35 92
35 93
35 94
35 97
36 37
36 38
36 39
36 43
36 47
36 48
36 49
36 50
36 51
36 52
36 56
36 58
36 60
36 62
36 66
36 70
36 73
36 76
36 78
36 80
36 81
36 82
36 83
36 84
36 91
36 92
36 93
36 95
36 96
36 98
37 38
37 39
37 41
37 43
37 45
37 49
37 50
37 52
37 53
37 54
37 55
37 57
37 58
37 59
37 62
37 63
37 64
37 66
37 67
37 69
37 70
37 72
37 73
37 77
37 81
37 82
37 86
37 88
37 89
37 90
37 92
37 96
37 97
37 98
37 99
38 39
38 40
38 41
38 42
38 46
38 47
38 48
38 49
38 50
38 52
38 53
38 57
38 64
38 66
38 67
38 71
38 73
38 75
38 78
38 79
38 80
38 81
38 82
38 84
38 89
38 91
38 93
38 94
38 97
38 98
39 40
39 42
39 44
39 45
39 47
39 48
39 49
39 50
39 54
39 55
39 56
39 60
39 61
39 66
39 67
39 69
39 70
39 71
39 74
39 76
39 79
39 80
39 81
39 86
39 88
39 91
39 93
39 96
39 98
39 99
40 41
40 43
40 44
40 47
40 49
40 51
40 52
40 54
40 56
40 59
40 60
40 63
40 64
40 65
40 66
40 68
40 71
40 73
40 74
40 75
40 76
40 78
40 81
40 84
40 85
40 86
40 87
40 89
40 93
40 94
40 96
40 97
41 45
41 50
41 51
41 52
41 53
41 54
41 55
41 56
41 57
41 59
41 60
41 61
41 63
41 64
41 66
41 67
41 68
41 69
41 73
41 74
41 75
41 79
41 81
41 83
41 84
41 88
41 90
41 91
41 92
41 93
41 96
41 97
42 43
42 45
42 46
42 47
42 49
42 50
42 52
42 54
42 56
42 57
42 58
42 59
42 62
42 63
42 68
42 69
42 70
42 71
42 72
42 74
42 76
42 83
42 85
42 87
42 88
42 89
42 90
42 92
42 95
42 97
42 99
43 45
43 46
43 47
43 50
43 52
43 54
43 55
43 56
43 58
43 59
43 61
43 65
43 66
43 69
43 70
43 71
43 72
43 73
43 75
43 78
43 80
43 82
43 84
43 85
43 87
43 90
43 92
43 93
43 95
43 96
43 97
43 98
43 99
44 47
44 50
44 53
44 55
44 56
44 59
44 63
44 64
44 65
44 66
44 69
44 71
44 72
44 74
44 75
44 76
44 78
44 79
44 80
44 81
44 82
44 85
44 86
44 87
44 89
44 90
44 93
44 94
44 95
44 96
44 97
44 98
44 99
45 47
45 49
45 52
45 55
45 57
45 59
45 61
45 62
45 63
45 64
45 68
45 70
45 71
45 72
45 73
45 75
45 76
45 78
45 81
45 82
45 85
45 86
45 87
45 89
45 92
45 94
45 95
45 96
45 97
45 98
45 99
46 47
46 49
46 51
46 56
46 57
46 59
46 60
46 62
46 63
46 66
46 68
46 69
46 70
46 74
46 75
46 76
46 80
46 81
46 85
46 86
46 87
46 88
46 90
46 93
46 97
46 98
47 52
47 54
47 56
47 57
47 59
47 60
47 61
47 62
47 63
47 64
47 69
47 72
47 74
47 75
47 79
47 80
47 81
47 82
47 84
47 85
47 92
47 96
47 99
48 50
48 51
48 53
48 54
48 55
48 56
48 57
48 58
48 60
48 61
48 62
48 63
48 65
48 67
48 68
48 73
48 74
48 75
48 79
48 81
48 84
48 85
48 87
48 88
48 90
48 96
48 97
48 99
49 50
49 52
49 53
49 56
49 57
49 60
49 65
49 68
49 70
49 75
49 76
49 77
49 79
49 81
49 83
49 86
49 87
49 88
49 89
49 90
49 94
49 95
49 96
50 54
50 59
50 61
50 62
50 63
50 64
50 65
50 68
50 69
50 71
50 72
50 73
50 74
50 79
50 80
50 82
50 84
50 87
50 88
50 89
50 93
51 55
51 56
51 57
51 59
51 62
51 64
51 66
51 70
51 72
51 73
51 74
51 77
51 78
51 81
51 83
51 85
51 88
51 89
51 93
51 94
51 96
51 97
51 99
52 54
52 56
52 60
52 61
52 62
52 63
52 64
52 65
52 67
52 70
52 71
52 72
52 74
52 75
52 76
52 77
52 79
52 82
52 83
52 88
52 92
52 94
52 98
53 55
53 56
53 57
53 59
53 60
53 61
53 63
53 64
53 65
53 66
53 69
53 71
53 74
53 75
53 78
53 80
53 81
53 82
53 83
53 84
53 85
53 86
53 87
53 90
53 91
53 92
53 94
53 95
53 98
53 99
54 56
54 57
54 58
54 60
54 64
54 65
54 69
54 71
54 73
54 74
54 75
54 77
54 82
54 83
54 84
54 86
54 87
54 88
54 91
54 92
54 93
54 98
54 99
55 57
55 58
55 59
55 60
55 61
55 65
55 67
55 68
55 69
55 71
55 73
55 74
55 77
55 78
55 80
55 85
55 91
55 94
55 95
55 98
55 99
56 57
56 58
56 59
56 62
56 65
56 66
56 67
56 70
56 71
56 72
56 76
56 78
56 79
56 83
56 84
56 86
56 87
56 88
56 90
56 93
56 98
57 59
57 63
57 65
57 70
57 71
57 72
57 76
57 79
57 80
57 83
57 84
57 85
57 87
57 89
57 91
57 92
57 96
57 98
58 62
58 63
58 65
58 67
58 69
58 70
58 71
58 73
58 74
58 75
58 76
58 77
58 78
58 79
58 80
58 82
58 83
58 84
58 86
58 87
58 91
58 92
58 94
58 96
58 98
58 99
59 60
59 61
59 67
59 68
59 69
59 72
59 73
59 75
59 76
59 77
59 79
59 83
59 84
59 87
59 88
59 91
59 93
60 62
60 63
60 64
60 67
60 69
60 71
60 73
60 77
60 78
60 81
60 83
60 88
60 89
60 90
60 91
60 95
60 97
60 98
61 62
61 63
61 64
61 65
61 66
61 68
61 69
61 70
61 72
61 73
61 75
61 80
61 81
61 82
61 84
61 87
61 88
61 89
61 91
61 92
61 96
61 97
61 98
61 99
62 66
62 67
62 71
62 72
62 73
62 74
62 75
62 76
62 77
62 78
62 79
62 80
62 82
62 83
62 84
62 86
62 92
62 94
62 95
62 96
62 98
63 67
63 68
63 69
63 71
63 73
63 75
63 76
63 78
63 79
63 80
63 85
63 87
63 89
63 91
63 93
63 94
63 95
63 96
63 97
63 99
64 65
64 67
64 69
64 70
64 74
64 77
64 80
64 81
64 83
64 85
64 88
64 89
64 91
64 94
64 95
64 97
64 98
64 99
65 67
65 69
65 70
65 72
65 73
65 74
65 76
65 77
65 78
65 80
65 82
65 83
65 85
65 86
65 87
65 88
65 90
65 91
65 93
65 97
65 99
66 69
66 72
66 74
66 76
66 77
66 78
66 81
66 85
66 86
66 87
66 89
66 90
66 95
66 96
67 70
67 71
67 72
67 73
67 74
67 77
67 81
67 83
67 85
67 88
67 90
67 91
67 92
67 95
67 96
67 97
68 70
68 73
68 77
68 78
68 79
68 81
68 82
68 83
68 84
68 85
68 88
68 89
68 90
68 91
68 92
68 93
68 95
68 97
68 98
69 70
69 73
69 78
69 80
69 81
69 82
69 85
69 87
69 88
69 91
69 93
69 95
69 96
69 97
70 75
70 77
70 78
70 79
70 82
70 84
70 87
70 88
70 89
70 91
70 93
70 97
71 72
71 73
71 76
71 77
71 79
71 80
71 85
71 87
71 89
71 90
71 94
71 95
71 97
71 99
72 74
72 78
72 79
72 80
72 83
72 84
72 85
72 89
72 90
72 91
72 93
72 97
72 98
72 99
73 74
73 76
73 77
73 82
73 85
73 86
73 88
73 92
73 94
73 95
73 97
73 98
73 99
74 78
74 79
74 82
74 83
74 84
74 87
74 89
74 91
74 92
74 98
75 78
75 81
75 83
75 84
75 91
75 92
75 94
75 96
75 98
75 99
76 77
76 80
76 81
76 82
76 84
76 85
76 86
76 89
76 90
76 91
76 92
76 93
76 94
76 95
76 96
76 97
77 79
77 82
77 84
77 87
77 88
77 89
77 92
77 93
77 94
77 95
77 96
77 97
77 98
77 99
78 79
78 82
78 84
78 88
78 90
78 91
78 92
78 93
78 97
78 98
79 81
79 82
79 85
79 87
79 89
79 92
79 94
79 95
79 98
80 81
80 86
80 88
80 90
80 91
80 92
80 95
80 97
81 82
81 83
81 85
81 86
81 87
81 88
81 89
81 91
81 92
81 95
81 99
82 83
82 85
82 88
82 89
82 90
82 93
82 94
82 95
82 96
82 97
82 99
83 85
83 86
83 90
83 92
83 95
83 96
83 97
83 99
84 86
84 88
84 90
84 92
84 95
84 98
85 87
85 88
85 90
85 91
85 94
85 95
85 96
85 98
85 99
86 87
86 88
86 89
86 90
86 91
86 92
86 94
86 96
86 98
86 99
87 89
87 90
87 93
87 94
87 95
88 90
88 92
88 97
88 99
89 90
89 92
89 93
89 95
89 97
89 98
89 99
90 91
90 94
90 95
90 97
91 92
91 95
91 99
92 95
92 96
92 98
93 97
93 98
94 95
94 96
94 97
94 98
94 99
95 96
95 98
96 97
97 99
