100 2700 0.5454545454545454 54 54
0 1
0 2
0 3
0 7
0 9
0 10
0 11
0 14
0 15
0 16
0 17
0 18
0 19
0 22
0 23
0 24
0 26
0 27
0 30
0 31
0 33
0 34
0 35
0 38
0 39
0 40
0 41
0 44
0 45
0 46
0 49
0 50
0 52
0 55
0 57
0 60
0 64
0 67
0 68
0 70
0 71
0 72
0 76
0 77
0 78
0 80
0 82
0 85
0 87
0 88
0 89
0 95
0 96
0 99
1 2
1 4
1 5
1 7
1 8
1 11
1 12
1 14
1 17
1 18
1 19
1 20
1 23
1 24
1 27
1 28
1 29
1 30
1 31
1 35
1 37
1 38
1 42
1 43
1 44
1 45
1 48
1 49
1 51
1 55
1 57
1 59
1 60
1 61
1 63
1 68
1 69
1 71
1 73
1 74
1 80
1 81
1 83
1 84
1 85
1 86
1 87
1 88
1 89
1 90
1 93
1 97
1 99
2 3
2 4
2 8
2 10
2 12
2 14
2 15
2 16
2 17
2 20
2 21
2 24
2 26
2 27
2 31
2 32
2 34
2 35
2 39
2 42
2 46
2 47
2 48
2 49
2 50
2 51
2 53
2 55
2 56
2 59
2 60
2 61
2 63
2 64
2 66
2 69
2 70
2 71
2 72
2 74
2 75
2 77
2 79
2 81
2 83
2 86
2 88
2 91
2 94
2 95
2 98
2 99
3 5
3 6
3 7
3 8
3 9
3 10
3 11
3 13
3 14
3 15
3 17
3 20
3 23
3 25
3 26
3 27
3 29
3 30
3 31
3 32
3 38
3 43
3 44
3 47
3 49
3 50
3 51
3 55
3 57
3 59
3 61
3 63
3 64
3 65
3 66
3 67
3 69
3 70
3 76
3 78
3 80
3 81
3 85
3 86
3 87
3 89
3 90
3 91
3 92
3 94
3 96
3 98
4 5
4 6
4 7
4 9
4 10
4 11
4 12
4 15
4 16
4 17
4 18
4 20
4 21
4 23
4 24
4 27
4 28
4 29
4 30
4 33
4 35
4 36
4 38
4 39
4 40
4 41
4 42
4 43
4 45
4 46
4 49
4 54
4 60
4 61
4 63
4 64
4 66
4 68
4 70
4 73
4 75
4 77
4 79
4 82
4 86
4 88
4 90
4 93
4 95
4 97
4 98
4 99
5 6
5 7
5 8
5 10
5 13
5 14
5 16
5 17
5 18
5 21
5 22
5 23
5 26
5 27
5 28
5 32
5 33
5 34
5 35
5 36
5 38
5 39
5 40
5 41
5 42
5 43
5 51
5 52
5 53
5 57
5 58
5 59
5 60
5 63
5 66
5 67
5 69
5 70
5 75
5 76
5 77
5 78
5 79
5 80
5 81
5 89
5 91
5 93
5 94
5 95
5 99
6 7
6 8
6 9
6 11
6 12
6 13
6 14
6 17
6 19
6 21
6 23
6 24
6 25
6 32
6 37
6 39
6 41
6 42
6 44
6 45
6 46
6 47
6 48
6 50
6 52
6 59
6 63
6 65
6 66
6 67
6 69
6 70
6 71
6 72
6 75
6 76
6 77
6 78
6 79
6 82
6 84
6 87
6 88
6 90
6 91
6 94
6 95
6 96
6 97
6 98
6 99
7 8
7 11
7 15
7 16
7 17
7 18
7 19
7 20
7 24
7 29
7 30
7 31
7 33
7 34
7 36
7 38
7 40
7 41
7 42
7 43
7 45
7 46
7 50
7 51
7 52
7 53
7 54
7 56
7 61
7 62
7 63
7 66
7 69
7 72
7 73
7 74
7 75
7 77
7 79
7 81
7 85
7 87
7 91
7 92
7 93
7 95
7 97
7 98
8 9
8 10
8 14
8 15
8 17
8 19
8 21
8 23
8 25
8 28
8 30
8 31
8 34
8 35
8 37
8 40
8 41
8 42
8 43
8 44
8 45
8 47
8 48
8 50
8 54
8 55
8 56
8 58
8 67
8 68
8 69
8 70
8 71
8 72
8 73
8 75
8 82
8 83
8 84
8 85
8 87
8 89
8 90
8 92
8 93
8 94
8 96
8 98
9 10
9 12
9 13
9 14
9 15
9 17
9 18
9 19
9 21
9 22
9 23
9 24
9 25
9 26
9 28
9 29
9 37
9 39
9 40
9 41
9 43
9 46
9 47
9 48
9 49
9 56
9 57
9 60
9 61
9 64
9 68
9 70
9 72
9 75
9 79
9 80
9 81
9 83
9 85
9 86
9 87
9 88
9 89
9 91
9 93
9 95
9 96
9 97
9 98
10 11
10 13
10 15
10 19
10 21
10 22
10 24
10 28
10 30
10 32
10 33
10 35
10 36
10 39
10 40
10 41
10 44
10 45
10 53
10 54
10 56
10 57
10 58
10 59
10 60
10 61
10 62
10 63
10 64
10 68
10 69
10 71
10 73
10 75
10 76
10 77
10 78
10 79
10 80
10 83
10 84
10 86
10 87
10 88
10 90
10 92
10 97
11 12
11 13
11 16
11 18
11 19
11 21
11 22
11 23
11 24
11 25
11 28
11 31
11 34
11 36
11 39
11 41
11 42
11 43
11 44
11 46
11 47
11 48
11 49
11 52
11 54
11 55
11 58
11 59
11 62
11 64
11 65
11 68
11 71
11 73
11 74
11 76
11 79
11 80
11 84
11 85
11 86
11 87
11 91
11 93
11 94
11 96
11 97
12 16
12 17
12 18
12 21
12 22
12 23
12 25
12 26
12 27
12 28
12 30
12 32
12 34
12 37
12 38
12 40
12 42
12 43
12 46
12 49
12 52
12 54
12 59
12 62
12 63
12 64
12 67
12 68
12 70
12 72
12 76
12 77
12 78
12 79
12 81
12 82
12 83
12 84
12 85
12 87
12 88
12 89
12 91
12 93
12 94
12 96
12 98
12 99
13 14
13 15
13 16
13 17
13 19
13 20
13 22
13 25
13 26
13 31
13 32
13 33
13 35
13 36
13 43
13 45
13 47
13 49
13 50
13 51
13 53
13 54
13 56
13 57
13 58
13 60
13 62
13 63
13 64
13 67
13 70
13 71
13 74
13 75
13 76
13 77
13 78
13 81
13 82
13 83
13 86
13 87
13 89
13 90
13 93
13 96
13 98
13 99
14 19
14 20
14 22
14 23
14 24
14 25
14 27
14 28
14 29
14 30
14 31
14 32
14 35
14 38
14 44
14 46
14 47
14 49
14 50
14 53
14 54
14 56
14 57
14 59
14 61
14 63
14 64
14 65
14 72
14 73
14 74
14 75
14 76
14 77
14 78
14 80
14 81
14 82
14 84
14 89
14 92
14 93
14 94
14 95
14 97
15 21
15 22
15 23
15 24
15 25
15 26
15 27
15 28
15 29
15 30
15 31
15 32
15 34
15 37
15 39
15 41
15 42
15 43
15 46
15 50
15 53
15 54
15 57
15 58
15 60
15 61
15 64
15 66
15 68
15 69
15 70
15 71
15 72
15 73
15 74
15 75
15 78
15 80
15 82
15 85
15 86
15 87
15 88
15 92
15 98
16 19
16 20
16 23
16 27
16 28
16 29
16 30
16 31
16 32
16 34
16 36
16 37
16 38
16 39
16 40
16 42
16 43
16 47
16 48
16 51
16 53
16 54
16 55
16 56
16 58
16 62
16 63
16 64
16 66
16 69
16 70
16 71
16 73
16 74
16 75
16 80
16 82
16 83
16 85
16 88
16 89
16 92
16 94
16 95
16 96
16 98
17 19
17 21
17 22
17 24
17 29
17 32
17 33
17 35
17 36
17 37
17 38
17 44
17 45
17 46
17 47
17 51
17 52
17 53
17 54
17 57
17 60
17 62
17 63
17 65
17 66
17 67
17 69
17 74
17 75
17 76
17 77
17 79
17 81
17 82
17 85
17 86
17 88
17 90
17 91
17 93
17 97
17 99
18 21
18 22
18 23
18 24
18 25
18 26
18 27
18 28
18 33
18 34
18 35
18 37
18 40
18 42
18 43
18 48
18 49
18 50
18 51
18 52
18 53
18 56
18 58
18 60
18 61
18 64
18 65
18 68
18 69
18 70
18 73
18 75
18 76
18 77
18 78
18 80
18 81
18 82
18 87
18 88
18 89
18 90
18 95
18 96
18 97
18 98
19 20
19 21
19 24
19 25
19 27
19 30
19 31
19 32
19 33
19 36
19 37
19 40
19 44
19 46
19 47
19 49
19 53
19 55
19 58
19 61
19 62
19 65
19 66
19 67
19 68
19 76
19 77
19 78
19 79
19 80
19 81
19 82
19 83
19 84
19 86
19 87
19 88
19 93
19 94
19 97
19 98
19 99
20 21
20 23
20 26
20 27
20 28
20 29
20 32
20 33
20 35
20 36
20 37
20 40
20 44
20 45
20 46
20 49
20 53
20 55
20 57
20 59
20 60
20 61
20 63
20 64
20 66
20 67
20 69
20 71
20 72
20 73
20 75
20 76
20 77
20 78
20 82
20 84
20 85
20 87
20 88
20 89
20 90
20 91
20 92
20 95
20 99
21 22
21 25
21 26
21 28
21 29
21 34
21 35
21 36
21 37
21 39
21 40
21 43
21 44
21 45
21 47
21 55
21 57
21 58
21 60
21 63
21 66
21 67
21 70
21 71
21 72
21 73
21 75
21 77
21 80
21 82
21 83
21 86
21 88
21 89
21 90
21 91
21 92
21 93
21 95
21 98
22 23
22 25
22 28
22 35
22 36
22 38
22 39
22 40
22 41
22 42
22 43
22 44
22 46
22 47
22 48
22 50
22 52
22 53
22 54
22 57
22 61
22 62
22 63
22 66
22 68
22 69
22 70
22 71
22 72
22 73
22 74
22 76
22 78
22 80
22 81
22 82
22 83
22 84
22 85
22 87
22 93
22 95
23 24
23 25
23 28
23 29
23 32
23 33
23 34
23 35
23 42
23 43
23 45
23 49
23 50
23 52
23 53
23 57
23 63
23 65
23 67
23 68
23 69
23 73
23 78
23 80
23 82
23 83
23 84
23 85
23 86
23 88
23 90
23 91
23 92
23 94
23 95
23 96
23 98
23 99
24 25
24 30
24 31
24 32
24 36
24 37
24 38
24 39
24 44
24 47
24 48
24 50
24 51
24 52
24 54
24 55
24 57
24 58
24 62
24 63
24 66
24 68
24 72
24 73
24 78
24 80
24 83
24 85
24 86
24 87
24 88
24 89
24 90
24 92
24 93
24 94
24 95
24 98
24 99
25 27
25 30
25 31
25 32
25 35
25 36
25 38
25 39
25 41
25 46
25 47
25 48
25 49
25 52
25 53
25 54
25 55
25 58
25 62
25 64
25 65
25 66
25 67
25 68
25 69
25 72
25 73
25 76
25 78
25 80
25 81
25 82
25 91
25 92
25 95
25 96
25 97
25 98
25 99
26 27
26 30
26 31
26 33
26 35
26 38
26 39
26 42
26 45
26 48
26 51
26 53
26 54
26 55
26 56
26 58
26 61
26 62
26 63
26 65
26 66
26 68
26 70
26 71
26 73
26 74
26 75
26 76
26 77
26 79
26 80
26 81
26 82
26 85
26 86
26 87
26 89
26 90
26 91
26 92
26 93
26 97
26 99
27 31
27 36
27 37
27 38
27 40
27 42
27 43
27 44
27 45
27 47
27 50
27 51
27 53
27 54
27 56
27 65
27 67
27 69
27 70
27 71
27 72
27 74
27 75
27 76
27 78
27 80
27 81
27 82
27 83
27 85
27 86
27 88
27 89
27 91
27 92
27 93
27 94
27 98
27 99
28 32
28 33
28 35
28 36
28 37
28 38
28 39
28 41
28 43
28 48
28 49
28 50
28 51
28 53
28 56
28 57
28 58
28 60
28 61
28 64
28 67
28 68
28 69
28 72
28 74
28 75
28 76
28 77
28 80
28 83
28 84
28 86
28 88
28 92
28 93
28 96
28 97
28 98
29 31
29 33
29 34
29 35
29 41
29 42
29 43
29 44
29 45
29 47
29 50
29 51
29 52
29 54
29 56
29 57
29 58
29 59
29 63
29 64
29 65
29 67
29 68
29 69
29 70
29 71
29 72
29 74
29 77
29 79
29 80
29 81
29 82
29 84
29 87
29 88
29 89
29 91
29 92
29 93
29 96
29 97
30 32
30 34
30 36
30 37
30 39
30 40
30 41
30 45
30 48
30 49
30 50
30 52
30 56
30 57
30 58
30 59
30 60
30 64
30 66
30 67
30 68
30 69
30 72
30 73
30 74
30 77
30 82
30 83
30 84
30 85
30 86
30 87
30 89
30 90
30 94
30 95
30 96
30 97
30 98
31 32
31 33
31 36
31 37
31 39
31 40
31 41
31 42
31 44
31 46
31 47
31 49
31 50
31 51
31 53
31 55
31 56
31 58
31 59
31 61
31 62
31 65
31 67
31 73
31 74
31 76
31 81
31 82
31 83
31 84
31 85
31 89
31 90
31 91
31 94
31 95
31 98
32 33
32 34
32 36
32 41
32 42
32 43
32 45
32 46
32 48
32 49
32 51
32 55
32 59
32 60
32 61
32 62
32 63
32 65
32 67
32 69
32 71
32 73
32 76
32 77
32 78
32 80
32 81
32 84
32 86
32 89
32 90
32 93
32 94
32 96
32 97
33 35
33 37
33 38
33 40
33 41
33 43
33 45
33 47
33 48
33 49
33 54
33 56
33 57
33 58
33 61
33 62
33 63
33 65
33 67
33 70
33 73
33 74
33 76
33 77
33 78
33 79
33 80
33 81
33 83
33 84
33 85
33 88
33 89
33 90
33 91
33 94
33 98
33 99
34 35
34 36
34 37
34 38
34 41
34 46
34 48
34 49
34 50
34 52
34 53
34 54
34 56
34 59
34 60
34 63
34 64
34 65
34 66
34 67
34 68
34 69
34 70
34 72
34 73
34 74
34 78
34 79
34 83
34 84
34 85
34 86
34 89
34 91
34 92
34 93
34 94
34 97
34 99
35 36
35 38
35 40
35 42
35 44
35 45
35 47
35 50
35 51
35 53
35 55
35 59
35 60
35 61
35 63
35 64
35 67
35 69
35 71
35 72
35 73
35 75
35 76
35 77
35 78
35 81
35 82
35 84
35 89
35 91
35 93
35 94
35 99
36 41
36 46
36 49
36 51
36 52
36 54
36 56
36 58
36 60
36 61
36 62
36 63
36 65
36 68
36 71
36 72
36 73
36 75
36 76
36 77
36 79
36 81
36 82
36 83
36 84
36 87
36 89
36 90
36 91
36 92
36 93
36 95
36 96
37 41
37 43
37 45
37 47
37 48
37 49
37 50
37 51
37 52
37 53
37 55
37 57
37 59
37 60
37 61
37 64
37 66
37 67
37 69
37 71
37 72
37 73
37 74
37 77
37 78
37 80
37 84
37 85
37 88
37 91
37 92
37 93
37 94
37 95
37 96
38 41
38 42
38 43
38 47
38 48
38 53
38 55
38 56
38 61
38 62
38 64
38 66
38 68
38 70
38 71
38 72
38 74
38 75
38 76
38 77
38 78
38 79
38 80
38 83
38 84
38 87
38 88
38 89
38 91
38 92
38 94
38 95
38 96
38 97
38 98
39 40
39 45
39 46
39 49
39 50
39 51
39 53
39 55
39 56
39 57
39 58
39 59
39 61
39 64
39 65
39 66
39 67
39 68
39 70
39 76
39 77
39 78
39 79
39 80
39 81
39 82
39 83
39 87
39 89
39 90
39 92
39 93
39 95
39 96
39 98
39 99
40 42
40 43
40 44
40 47
40 48
40 51
40 52
40 54
40 55
40 56
40 57
40 58
40 62
40 63
40 67
40 68
40 69
40 70
40 72
40 74
40 77
40 79
40 80
40 83
40 84
40 85
40 86
40 87
40 91
40 93
40 94
40 95
40 98
40 99
41 44
41 48
41 49
41 50
41 53
41 54
41 55
41 57
41 59
41 60
41 61
41 62
41 64
41 65
41 68
41 69
41 70
41 71
41 73
41 74
41 75
41 79
41 80
41 81
41 86
41 88
41 91
41 92
41 96
41 97
41 98
41 99
42 43
42 44
42 48
42 50
42 53
42 54
42 55
42 60
42 62
42 63
42 64
42 65
42 66
42 68
42 69
42 71
42 72
42 75
42 76
42 77
42 78
42 79
42 82
42 87
42 88
42 89
42 90
42 91
42 94
42 96
42 97
42 99
43 45
43 47
43 52
43 53
43 56
43 57
43 58
43 59
43 60
43 62
43 64
43 67
43 68
43 71
43 73
43 75
43 76
43 77
43 81
43 83
43 85
43 87
43 88
43 89
43 91
43 93
43 95
43 96
43 98
44 45
44 47
44 48
44 52
44 53
44 54
44 56
44 57
44 60
44 64
44 65
44 67
44 68
44 70
44 71
44 72
44 73
44 74
44 75
44 76
44 78
44 80
44 81
44 83
44 86
44 87
44 88
44 89
44 92
44 94
44 95
44 96
44 97
45 48
45 49
45 51
45 52
45 53
45 56
45 58
45 59
45 61
45 62
45 63
45 65
45 69
45 70
45 71
45 72
45 73
45 74
45 75
45 76
45 78
45 80
45 81
45 83
45 84
45 86
45 89
45 90
45 95
45 96
45 99
46 48
46 49
46 50
46 51
46 55
46 56
46 57
46 58
46 59
46 62
46 63
46 65
46 66
46 67
46 68
46 69
46 70
46 73
46 76
46 79
46 82
46 83
46 84
46 85
46 86
46 88
46 90
46 92
46 93
46 94
46 95
46 97
46 98
46 99
47 49
47 50
47 51
47 52
47 53
47 55
47 56
47 58
47 59
47 61
47 62
47 66
47 67
47 69
47 73
47 74
47 77
47 79
47 81
47 83
47 87
47 89
47 90
47 92
47 93
47 94
47 97
47 98
47 99
48 49
48 52
48 55
48 56
48 58
48 62
48 65
48 67
48 68
48 69
48 70
48 72
48 74
48 75
48 77
48 78
48 79
48 82
48 83
48 85
48 86
48 87
48 88
48 90
48 91
48 92
48 93
48 95
48 98
49 50
49 51
49 52
49 55
49 57
49 60
49 61
49 62
49 63
49 64
49 65
49 69
49 71
49 74
49 75
49 78
49 80
49 81
49 82
49 85
49 86
49 88
49 90
49 94
49 96
50 52
50 53
50 54
50 55
50 58
50 59
50 62
50 63
50 65
50 66
50 67
50 69
50 70
50 71
50 73
50 74
50 82
50 83
50 85
50 86
50 87
50 90
50 93
50 94
50 96
50 98
50 99
51 52
51 53
51 55
51 56
51 58
51 59
51 61
51 62
51 63
51 64
51 66
51 70
51 71
51 73
51 76
51 77
51 78
51 80
51 83
51 84
51 85
51 88
51 89
51 91
51 92
51 94
51 96
51 98
51 99
52 54
52 55
52 56
52 58
52 59
52 62
52 63
52 64
52 65
52 66
52 68
52 74
52 75
52 76
52 77
52 79
52 81
52 83
52 85
52 86
52 88
52 89
52 91
52 94
52 95
52 96
52 97
52 99
53 55
53 60
53 61
53 62
53 69
53 71
53 72
53 74
53 75
53 76
53 79
53 81
53 82
53 83
53 87
53 89
53 92
53 94
53 95
53 96
53 98
53 99
54 56
54 58
54 59
54 60
54 61
54 65
54 67
54 68
54 70
54 72
54 76
54 77
54 80
54 81
54 82
54 83
54 84
54 85
54 86
54 87
54 88
54 89
54 90
54 93
54 94
54 95
54 96
54 97
55 56
55 58
55 59
55 63
55 65
55 66
55 67
55 69
55 71
55 72
55 73
55 74
55 77
55 79
55 82
55 84
55 88
55 89
55 92
55 93
55 94
55 97
55 98
55 99
56 57
56 59
56 60
56 61
56 64
56 66
56 68
56 69
56 72
56 73
56 74
56 75
56 76
56 79
56 82
56 86
56 89
56 91
56 93
56 94
56 95
56 96
56 99
57 60
57 63
57 65
57 66
57 67
57 68
57 69
57 70
57 73
57 74
57 76
57 78
57 79
57 81
57 82
57 83
57 85
57 86
57 88
57 89
57 90
57 92
57 93
57 96
57 97
57 99
58 60
58 62
58 63
58 65
58 66
58 69
58 71
58 74
58 75
58 76
58 79
58 80
58 85
58 86
58 87
58 88
58 91
58 94
58 95
58 96
58 97
58 98
58 99
59 60
59 62
59 63
59 64
59 66
59 68
59 69
59 72
59 74
59 75
59 76
59 78
59 80
59 82
59 83
59 84
59 87
59 88
59 90
59 92
59 93
59 94
59 96
59 98
59 99
60 62
60 63
60 65
60 66
60 67
60 68
60 73
60 75
60 76
60 78
60 79
60 80
60 81
60 83
60 84
60 89
60 91
60 92
60 93
60 94
60 95
60 96
60 99
61 62
61 63
61 64
61 69
61 70
61 71
61 73
61 77
61 79
61 81
61 82
61 87
61 88
61 89
61 90
61 92
61 93
61 94
61 95
61 96
61 97
61 98
61 99
62 64
62 66
62 67
62 68
62 71
62 75
62 77
62 79
62 80
62 81
62 82
62 84
62 88
62 89
62 90
62 91
62 92
62 93
62 95
62 99
63 64
63 66
63 67
63 71
63 72
63 73
63 79
63 83
63 89
63 90
63 91
63 93
63 96
63 97
63 98
64 65
64 68
64 69
64 70
64 71
64 72
64 73
64 75
64 76
64 80
64 82
64 83
64 84
64 87
64 90
64 92
64 93
64 95
64 99
65 66
65 71
65 72
65 73
65 74
65 75
65 76
65 77
65 79
65 80
65 81
65 83
65 84
65 86
65 88
65 90
65 91
65 93
65 94
65 96
65 98
66 67
66 70
66 72
66 73
66 74
66 77
66 78
66 79
66 81
66 85
66 87
66 88
66 89
66 92
66 93
66 94
66 95
66 98
67 70
67 72
67 74
67 77
67 78
67 79
67 83
67 84
67 85
67 87
67 88
67 90
67 92
67 94
67 96
67 97
68 70
68 72
68 76
68 79
68 80
68 81
68 85
68 86
68 88
68 90
68 91
68 92
68 95
68 97
68 98
68 99
69 72
69 77
69 78
69 80
69 83
69 86
69 87
69 88
69 91
69 92
69 95
69 96
69 97
70 71
70 72
70 73
70 75
70 76
70 77
70 78
70 79
70 81
70 85
70 86
70 90
70 91
70 94
70 96
70 97
70 99
71 72
71 75
71 77
71 78
71 79
71 80
71 81
71 84
71 88
71 89
71 90
71 94
71 95
71 97
71 98
71 99
72 73
72 78
72 79
72 84
72 85
72 87
72 90
72 93
72 94
72 95
72 96
72 97
73 74
73 79
73 82
73 86
73 87
73 88
73 91
73 92
73 96
73 97
74 77
74 78
74 80
74 81
74 84
74 86
74 87
74 88
74 89
74 90
74 91
74 92
74 97
74 98
74 99
75 76
75 79
75 82
75 83
75 84
75 85
75 86
75 87
75 89
75 92
75 93
75 94
75 98
75 99
76 81
76 82
76 83
76 85
76 87
76 90
76 91
76 93
76 95
76 96
77 78
77 80
77 81
77 83
77 85
77 88
77 90
77 92
77 93
77 94
78 79
78 80
78 83
78 84
78 85
78 86
78 87
78 90
78 91
78 93
78 96
78 97
78 99
79 84
79 85
79 86
79 89
79 90
79 93
79 94
79 95
79 96
79 97
80 81
80 82
80 88
80 89
80 90
80 94
80 97
80 98
80 99
81 84
81 85
81 88
81 89
81 91
81 92
81 95
81 96
81 98
82 83
82 84
82 85
82 86
82 87
82 89
82 90
82 92
82 95
82 97
82 99
83 84
83 85
83 87
83 90
83 91
83 95
83 99
84 85
84 86
84 87
84 88
84 91
84 92
84 93
84 94
84 95
84 96
84 97
85 86
85 87
85 88
85 91
85 92
85 97
85 99
86 87
86 89
86 90
86 91
86 92
86 94
86 96
86 98
86 99
87 90
87 92
87 94
87 97
88 92
88 97
89 90
89 91
89 95
90 91
90 93
90 98
91 95
91 97
91 98
91 99
92 94
92 96
92 97
92 98
93 95
93 97
93 98
94 96
94 97
95 97
95 98
95 99
96 97
96 98
97 99
98 99
